Date,NG1 Comdty - Last Price
14/11/23,3.094
13/11/23,3.197
10/11/23,3.033
9/11/23,3.041
8/11/23,3.106
7/11/23,3.14
6/11/23,3.264
3/11/23,3.515
2/11/23,3.472
1/11/23,3.494
31/10/23,3.575
30/10/23,3.352
27/10/23,3.164
26/10/23,3.214
25/10/23,3.01
24/10/23,2.971
23/10/23,2.926
20/10/23,2.899
19/10/23,2.957
18/10/23,3.056
17/10/23,3.079
16/10/23,3.109
13/10/23,3.236
12/10/23,3.344
11/10/23,3.377
10/10/23,3.382
9/10/23,3.376
6/10/23,3.338
5/10/23,3.166
4/10/23,2.962
3/10/23,2.949
2/10/23,2.84
29/9/23,2.929
28/9/23,2.945
27/9/23,2.764
26/9/23,2.656
25/9/23,2.639
22/9/23,2.637
21/9/23,2.61
20/9/23,2.733
19/9/23,2.848
18/9/23,2.728
15/9/23,2.644
14/9/23,2.708
13/9/23,2.68
12/9/23,2.743
11/9/23,2.608
8/9/23,2.605
7/9/23,2.579
6/9/23,2.51
5/9/23,2.582
1/9/23,2.765
31/8/23,2.768
30/8/23,2.796
29/8/23,2.556
28/8/23,2.579
25/8/23,2.54
24/8/23,2.519
23/8/23,2.497
22/8/23,2.56
21/8/23,2.632
18/8/23,2.551
17/8/23,2.621
16/8/23,2.592
15/8/23,2.659
14/8/23,2.795
11/8/23,2.77
10/8/23,2.763
9/8/23,2.959
8/8/23,2.777
7/8/23,2.725
4/8/23,2.577
3/8/23,2.565
2/8/23,2.477
1/8/23,2.56
31/7/23,2.634
28/7/23,2.638
27/7/23,2.492
26/7/23,2.665
25/7/23,2.73
24/7/23,2.685
21/7/23,2.713
20/7/23,2.757
19/7/23,2.603
18/7/23,2.629
17/7/23,2.512
14/7/23,2.539
13/7/23,2.545
12/7/23,2.632
11/7/23,2.731
10/7/23,2.669
7/7/23,2.582
6/7/23,2.609
5/7/23,2.657
3/7/23,2.709
30/6/23,2.798
29/6/23,2.701
28/6/23,2.603
27/6/23,2.763
26/6/23,2.791
23/6/23,2.729
22/6/23,2.608
21/6/23,2.597
20/6/23,2.492
16/6/23,2.632
15/6/23,2.533
14/6/23,2.342
13/6/23,2.34
12/6/23,2.266
9/6/23,2.254
8/6/23,2.352
7/6/23,2.329
6/6/23,2.262
5/6/23,2.245
2/6/23,2.172
1/6/23,2.158
31/5/23,2.266
30/5/23,2.327
26/5/23,2.181
25/5/23,2.307
24/5/23,2.398
23/5/23,2.321
22/5/23,2.4
19/5/23,2.585
18/5/23,2.592
17/5/23,2.365
16/5/23,2.376
15/5/23,2.375
12/5/23,2.266
11/5/23,2.19
10/5/23,2.191
9/5/23,2.267
8/5/23,2.238
5/5/23,2.137
4/5/23,2.101
3/5/23,2.17
2/5/23,2.214
1/5/23,2.318
28/4/23,2.41
27/4/23,2.355
26/4/23,2.117
25/4/23,2.307
24/4/23,2.273
21/4/23,2.233
20/4/23,2.249
19/4/23,2.222
18/4/23,2.366
17/4/23,2.275
14/4/23,2.114
13/4/23,2.007
12/4/23,2.093
11/4/23,2.186
10/4/23,2.172
7/4/23,2.011
6/4/23,2.011
5/4/23,2.155
4/4/23,2.106
3/4/23,2.097
31/3/23,2.216
30/3/23,2.104
29/3/23,1.991
28/3/23,2.03
27/3/23,2.088
24/3/23,2.216
23/3/23,2.154
22/3/23,2.171
21/3/23,2.348
20/3/23,2.223
17/3/23,2.338
16/3/23,2.514
15/3/23,2.439
14/3/23,2.573
13/3/23,2.606
10/3/23,2.43
9/3/23,2.543
8/3/23,2.551
7/3/23,2.687
6/3/23,2.572
3/3/23,3.009
2/3/23,2.765
1/3/23,2.811
28/2/23,2.747
27/2/23,2.731
24/2/23,2.451
23/2/23,2.314
22/2/23,2.174
21/2/23,2.073
17/2/23,2.275
16/2/23,2.389
15/2/23,2.471
14/2/23,2.567
13/2/23,2.405
10/2/23,2.514
9/2/23,2.43
8/2/23,2.396
7/2/23,2.584
6/2/23,2.457
3/2/23,2.41
2/2/23,2.456
1/2/23,2.468
31/1/23,2.684
30/1/23,2.677
27/1/23,3.109
26/1/23,2.944
25/1/23,3.067
24/1/23,3.258
23/1/23,3.447
20/1/23,3.174
19/1/23,3.275
18/1/23,3.311
17/1/23,3.586
13/1/23,3.419
12/1/23,3.695
11/1/23,3.671
10/1/23,3.639
9/1/23,3.91
6/1/23,3.71
5/1/23,3.72
4/1/23,4.172
3/1/23,3.988
30/12/22,4.475
29/12/22,4.559
28/12/22,4.709
27/12/22,5.282
23/12/22,5.079
22/12/22,4.999
21/12/22,5.332
20/12/22,5.326
19/12/22,5.851
16/12/22,6.6
15/12/22,6.97
14/12/22,6.43
13/12/22,6.935
12/12/22,6.587
9/12/22,6.245
8/12/22,5.962
7/12/22,5.723
6/12/22,5.469
5/12/22,5.577
2/12/22,6.281
1/12/22,6.738
30/11/22,6.93
29/11/22,7.235
28/11/22,6.712
25/11/22,7.024
23/11/22,7.308
22/11/22,6.779
21/11/22,6.776
18/11/22,6.303
17/11/22,6.369
16/11/22,6.2
15/11/22,6.034
14/11/22,5.933
11/11/22,5.879
10/11/22,6.239
9/11/22,5.865
8/11/22,6.138
7/11/22,6.944
4/11/22,6.4
3/11/22,5.975
2/11/22,6.268
1/11/22,5.714
31/10/22,6.355
28/10/22,5.684
27/10/22,5.186
26/10/22,5.606
25/10/22,5.613
24/10/22,5.199
21/10/22,4.959
20/10/22,5.358
19/10/22,5.462
18/10/22,5.745
17/10/22,5.999
14/10/22,6.453
13/10/22,6.741
12/10/22,6.435
11/10/22,6.596
10/10/22,6.435
7/10/22,6.748
6/10/22,6.972
5/10/22,6.93
4/10/22,6.837
3/10/22,6.47
30/9/22,6.766
29/9/22,6.874
28/9/22,6.868
27/9/22,6.651
26/9/22,6.903
23/9/22,6.828
22/9/22,7.089
21/9/22,7.779
20/9/22,7.717
19/9/22,7.752
16/9/22,7.764
15/9/22,8.324
14/9/22,9.114
13/9/22,8.284
12/9/22,8.249
9/9/22,7.996
8/9/22,7.915
7/9/22,7.842
6/9/22,8.145
2/9/22,8.786
1/9/22,9.262
31/8/22,9.127
30/8/22,9.042
29/8/22,9.353
26/8/22,9.296
25/8/22,9.375
24/8/22,9.33
23/8/22,9.193
22/8/22,9.68
19/8/22,9.336
18/8/22,9.188
17/8/22,9.244
16/8/22,9.329
15/8/22,8.728
12/8/22,8.768
11/8/22,8.874
10/8/22,8.202
9/8/22,7.833
8/8/22,7.589
5/8/22,8.064
4/8/22,8.122
3/8/22,8.266
2/8/22,7.706
1/8/22,8.283
29/7/22,8.229
28/7/22,8.134
27/7/22,8.687
26/7/22,8.993
25/7/22,8.727
22/7/22,8.299
21/7/22,7.932
20/7/22,8.007
19/7/22,7.264
18/7/22,7.479
15/7/22,7.016
14/7/22,6.6
13/7/22,6.689
12/7/22,6.163
11/7/22,6.426
8/7/22,6.034
7/7/22,6.297
6/7/22,5.51
5/7/22,5.523
1/7/22,5.73
30/6/22,5.424
29/6/22,6.498
28/6/22,6.551
27/6/22,6.501
24/6/22,6.22
23/6/22,6.239
22/6/22,6.858
21/6/22,6.808
17/6/22,6.944
16/6/22,7.464
15/6/22,7.42
14/6/22,7.189
13/6/22,8.609
10/6/22,8.85
9/6/22,8.963
8/6/22,8.699
7/6/22,9.293
6/6/22,9.322
3/6/22,8.523
2/6/22,8.485
1/6/22,8.696
31/5/22,8.145
27/5/22,8.727
26/5/22,8.908
25/5/22,8.971
24/5/22,8.796
23/5/22,8.744
20/5/22,8.083
19/5/22,8.308
18/5/22,8.368
17/5/22,8.304
16/5/22,7.956
13/5/22,7.663
12/5/22,7.739
11/5/22,7.64
10/5/22,7.385
9/5/22,7.026
6/5/22,8.043
5/5/22,8.783
4/5/22,8.415
3/5/22,7.954
2/5/22,7.475
29/4/22,7.244
28/4/22,6.888
27/4/22,7.267
26/4/22,6.85
25/4/22,6.669
22/4/22,6.534
21/4/22,6.957
20/4/22,6.937
19/4/22,7.176
18/4/22,7.82
14/4/22,7.3
13/4/22,6.997
12/4/22,6.68
11/4/22,6.643
8/4/22,6.278
7/4/22,6.359
6/4/22,6.029
5/4/22,6.032
4/4/22,5.712
1/4/22,5.72
31/3/22,5.642
30/3/22,5.605
29/3/22,5.336
28/3/22,5.508
25/3/22,5.571
24/3/22,5.401
23/3/22,5.232
22/3/22,5.187
21/3/22,4.9
18/3/22,4.863
17/3/22,4.99
16/3/22,4.748
15/3/22,4.568
14/3/22,4.658
11/3/22,4.725
10/3/22,4.631
9/3/22,4.526
8/3/22,4.527
7/3/22,4.833
4/3/22,5.016
3/3/22,4.722
2/3/22,4.762
1/3/22,4.573
28/2/22,4.402
25/2/22,4.47
24/2/22,4.568
23/2/22,4.623
22/2/22,4.498
18/2/22,4.431
17/2/22,4.486
16/2/22,4.717
15/2/22,4.306
14/2/22,4.195
11/2/22,3.941
10/2/22,3.959
9/2/22,4.009
8/2/22,4.248
7/2/22,4.232
4/2/22,4.572
3/2/22,4.888
2/2/22,5.501
1/2/22,4.751
31/1/22,4.874
28/1/22,4.639
27/1/22,6.265
26/1/22,4.277
25/1/22,4.053
24/1/22,4.027
21/1/22,3.999
20/1/22,3.802
19/1/22,4.031
18/1/22,4.283
14/1/22,4.262
13/1/22,4.27
12/1/22,4.857
11/1/22,4.249
10/1/22,4.079
7/1/22,3.916
6/1/22,3.812
5/1/22,3.882
4/1/22,3.717
3/1/22,3.815
31/12/21,3.73
30/12/21,3.561
29/12/21,4.024
28/12/21,4.055
27/12/21,4.06
23/12/21,3.731
22/12/21,3.976
21/12/21,3.869
20/12/21,3.834
17/12/21,3.69
16/12/21,3.766
15/12/21,3.802
14/12/21,3.747
13/12/21,3.794
10/12/21,3.925
9/12/21,3.814
8/12/21,3.815
7/12/21,3.708
6/12/21,3.657
3/12/21,4.132
2/12/21,4.056
1/12/21,4.258
30/11/21,4.567
29/11/21,4.854
26/11/21,5.447
24/11/21,5.068
23/11/21,4.967
22/11/21,4.789
19/11/21,5.065
18/11/21,4.902
17/11/21,4.816
16/11/21,5.177
15/11/21,5.017
12/11/21,4.791
11/11/21,5.149
10/11/21,4.88
9/11/21,4.979
8/11/21,5.427
5/11/21,5.516
4/11/21,5.716
3/11/21,5.67
2/11/21,5.542
1/11/21,5.186
29/10/21,5.426
28/10/21,5.782
27/10/21,6.202
26/10/21,5.882
25/10/21,5.898
22/10/21,5.28
21/10/21,5.115
20/10/21,5.17
19/10/21,5.088
18/10/21,4.989
15/10/21,5.41
14/10/21,5.687
13/10/21,5.59
12/10/21,5.505
11/10/21,5.345
8/10/21,5.565
7/10/21,5.677
6/10/21,5.675
5/10/21,6.312
4/10/21,5.766
1/10/21,5.619
30/9/21,5.867
29/9/21,5.477
28/9/21,5.841
27/9/21,5.706
24/9/21,5.14
23/9/21,4.976
22/9/21,4.805
21/9/21,4.805
20/9/21,4.985
17/9/21,5.105
16/9/21,5.335
15/9/21,5.46
14/9/21,5.26
13/9/21,5.231
10/9/21,4.938
9/9/21,5.031
8/9/21,4.914
7/9/21,4.568
3/9/21,4.712
2/9/21,4.641
1/9/21,4.615
31/8/21,4.377
30/8/21,4.305
27/8/21,4.37
26/8/21,4.184
25/8/21,3.897
24/8/21,3.896
23/8/21,3.945
20/8/21,3.851
19/8/21,3.83
18/8/21,3.852
17/8/21,3.837
16/8/21,3.946
13/8/21,3.861
12/8/21,3.933
11/8/21,4.059
10/8/21,4.089
9/8/21,4.06
6/8/21,4.14
5/8/21,4.14
4/8/21,4.158
3/8/21,4.027
2/8/21,3.935
30/7/21,3.914
29/7/21,4.059
28/7/21,4.044
27/7/21,3.971
26/7/21,4.102
23/7/21,4.06
22/7/21,4.003
21/7/21,3.959
20/7/21,3.876
19/7/21,3.779
16/7/21,3.674
15/7/21,3.614
14/7/21,3.66
13/7/21,3.696
12/7/21,3.749
9/7/21,3.674
8/7/21,3.688
7/7/21,3.596
6/7/21,3.637
2/7/21,3.7
1/7/21,3.661
30/6/21,3.65
29/6/21,3.63
28/6/21,3.617
25/6/21,3.496
24/6/21,3.418
23/6/21,3.333
22/6/21,3.258
21/6/21,3.191
18/6/21,3.215
17/6/21,3.253
16/6/21,3.251
15/6/21,3.24
14/6/21,3.352
11/6/21,3.296
10/6/21,3.149
9/6/21,3.129
8/6/21,3.128
7/6/21,3.07
4/6/21,3.097
3/6/21,3.041
2/6/21,3.075
1/6/21,3.104
28/5/21,2.986
27/5/21,2.958
26/5/21,2.984
25/5/21,2.913
24/5/21,2.886
21/5/21,2.906
20/5/21,2.925
19/5/21,2.964
18/5/21,3.012
17/5/21,3.109
14/5/21,2.961
13/5/21,2.973
12/5/21,2.969
11/5/21,2.955
10/5/21,2.932
7/5/21,2.958
6/5/21,2.928
5/5/21,2.938
4/5/21,2.967
3/5/21,2.966
30/4/21,2.931
29/4/21,2.911
28/4/21,2.925
27/4/21,2.873
26/4/21,2.79
23/4/21,2.73
22/4/21,2.749
21/4/21,2.692
20/4/21,2.727
19/4/21,2.749
16/4/21,2.68
15/4/21,2.658
14/4/21,2.618
13/4/21,2.619
12/4/21,2.561
9/4/21,2.526
8/4/21,2.522
7/4/21,2.52
6/4/21,2.456
5/4/21,2.511
2/4/21,2.639
1/4/21,2.639
31/3/21,2.608
30/3/21,2.623
29/3/21,2.586
26/3/21,2.557
25/3/21,2.57
24/3/21,2.518
23/3/21,2.508
22/3/21,2.582
19/3/21,2.535
18/3/21,2.481
17/3/21,2.528
16/3/21,2.562
15/3/21,2.484
12/3/21,2.6
11/3/21,2.668
10/3/21,2.692
9/3/21,2.662
8/3/21,2.664
5/3/21,2.701
4/3/21,2.746
3/3/21,2.816
2/3/21,2.839
1/3/21,2.777
26/2/21,2.771
25/2/21,2.777
24/2/21,2.854
23/2/21,2.879
22/2/21,2.953
19/2/21,3.069
18/2/21,3.082
17/2/21,3.219
16/2/21,3.129
12/2/21,2.912
11/2/21,2.868
10/2/21,2.911
9/2/21,2.835
8/2/21,2.882
5/2/21,2.863
4/2/21,2.935
3/2/21,2.789
2/2/21,2.845
1/2/21,2.85
29/1/21,2.564
28/1/21,2.664
27/1/21,2.76
26/1/21,2.656
25/1/21,2.602
22/1/21,2.446
21/1/21,2.491
20/1/21,2.539
19/1/21,2.546
15/1/21,2.737
14/1/21,2.666
13/1/21,2.727
12/1/21,2.753
11/1/21,2.747
8/1/21,2.7
7/1/21,2.729
6/1/21,2.716
5/1/21,2.702
4/1/21,2.581
31/12/20,2.539
30/12/20,2.422
29/12/20,2.467
28/12/20,2.305
24/12/20,2.518
23/12/20,2.608
22/12/20,2.78
21/12/20,2.705
18/12/20,2.7
17/12/20,2.636
16/12/20,2.677
15/12/20,2.682
14/12/20,2.682
11/12/20,2.591
10/12/20,2.553
9/12/20,2.442
8/12/20,2.399
7/12/20,2.406
4/12/20,2.575
3/12/20,2.507
2/12/20,2.78
1/12/20,2.88
30/11/20,2.882
27/11/20,2.843
25/11/20,2.896
24/11/20,2.775
23/11/20,2.711
20/11/20,2.65
19/11/20,2.592
18/11/20,2.712
17/11/20,2.692
16/11/20,2.697
13/11/20,2.995
12/11/20,2.976
11/11/20,3.031
10/11/20,2.949
9/11/20,2.859
6/11/20,2.888
5/11/20,2.942
4/11/20,3.046
3/11/20,3.059
2/11/20,3.244
30/10/20,3.354
29/10/20,3.301
28/10/20,2.996
27/10/20,3.019
26/10/20,3.024
23/10/20,2.971
22/10/20,3.007
21/10/20,3.023
20/10/20,2.913
19/10/20,2.795
16/10/20,2.773
15/10/20,2.775
14/10/20,2.636
13/10/20,2.855
12/10/20,2.881
9/10/20,2.741
8/10/20,2.627
7/10/20,2.606
6/10/20,2.52
5/10/20,2.615
2/10/20,2.438
1/10/20,2.527
30/9/20,2.527
29/9/20,2.561
28/9/20,2.101
25/9/20,2.139
24/9/20,2.248
23/9/20,2.125
22/9/20,1.834
21/9/20,1.835
18/9/20,2.048
17/9/20,2.042
16/9/20,2.267
15/9/20,2.362
14/9/20,2.31
11/9/20,2.269
10/9/20,2.323
9/9/20,2.406
8/9/20,2.4
4/9/20,2.588
3/9/20,2.487
2/9/20,2.486
1/9/20,2.527
31/8/20,2.63
28/8/20,2.657
27/8/20,2.579
26/8/20,2.461
25/8/20,2.489
24/8/20,2.513
21/8/20,2.448
20/8/20,2.352
19/8/20,2.426
18/8/20,2.417
17/8/20,2.339
14/8/20,2.356
13/8/20,2.182
12/8/20,2.152
11/8/20,2.171
10/8/20,2.153
7/8/20,2.238
6/8/20,2.165
5/8/20,2.191
4/8/20,2.193
3/8/20,2.101
31/7/20,1.799
30/7/20,1.829
29/7/20,1.854
28/7/20,1.8
27/7/20,1.734
24/7/20,1.808
23/7/20,1.785
22/7/20,1.681
21/7/20,1.675
20/7/20,1.641
17/7/20,1.718
16/7/20,1.723
15/7/20,1.778
14/7/20,1.746
13/7/20,1.739
10/7/20,1.805
9/7/20,1.779
8/7/20,1.824
7/7/20,1.876
6/7/20,1.83
2/7/20,1.734
1/7/20,1.671
30/6/20,1.751
29/6/20,1.709
26/6/20,1.495
25/6/20,1.482
24/6/20,1.597
23/6/20,1.637
22/6/20,1.664
19/6/20,1.669
18/6/20,1.638
17/6/20,1.638
16/6/20,1.614
15/6/20,1.669
12/6/20,1.731
11/6/20,1.813
10/6/20,1.78
9/6/20,1.767
8/6/20,1.789
5/6/20,1.782
4/6/20,1.822
3/6/20,1.821
2/6/20,1.777
1/6/20,1.774
29/5/20,1.849
28/5/20,1.827
27/5/20,1.722
26/5/20,1.793
22/5/20,1.731
21/5/20,1.71
20/5/20,1.771
19/5/20,1.83
18/5/20,1.783
15/5/20,1.646
14/5/20,1.681
13/5/20,1.616
12/5/20,1.72
11/5/20,1.826
8/5/20,1.823
7/5/20,1.894
6/5/20,1.944
5/5/20,2.134
4/5/20,1.993
1/5/20,1.89
30/4/20,1.949
29/4/20,1.869
28/4/20,1.794
27/4/20,1.819
24/4/20,1.746
23/4/20,1.815
22/4/20,1.939
21/4/20,1.821
20/4/20,1.924
17/4/20,1.753
16/4/20,1.686
15/4/20,1.598
14/4/20,1.65
13/4/20,1.724
9/4/20,1.733
8/4/20,1.783
7/4/20,1.852
6/4/20,1.731
3/4/20,1.621
2/4/20,1.552
1/4/20,1.587
31/3/20,1.64
30/3/20,1.69
27/3/20,1.634
26/3/20,1.637
25/3/20,1.659
24/3/20,1.653
23/3/20,1.602
20/3/20,1.604
19/3/20,1.654
18/3/20,1.604
17/3/20,1.729
16/3/20,1.815
13/3/20,1.869
12/3/20,1.841
11/3/20,1.878
10/3/20,1.936
9/3/20,1.778
6/3/20,1.708
5/3/20,1.772
4/3/20,1.827
3/3/20,1.8
2/3/20,1.756
28/2/20,1.684
27/2/20,1.752
26/2/20,1.821
25/2/20,1.847
24/2/20,1.827
21/2/20,1.905
20/2/20,1.92
19/2/20,1.955
18/2/20,1.981
14/2/20,1.837
13/2/20,1.826
12/2/20,1.844
11/2/20,1.788
10/2/20,1.766
7/2/20,1.858
6/2/20,1.862
5/2/20,1.861
4/2/20,1.872
3/2/20,1.819
31/1/20,1.841
30/1/20,1.829
29/1/20,1.877
28/1/20,1.934
27/1/20,1.902
24/1/20,1.893
23/1/20,1.926
22/1/20,1.905
21/1/20,1.895
17/1/20,2.003
16/1/20,2.077
15/1/20,2.12
14/1/20,2.187
13/1/20,2.182
10/1/20,2.202
9/1/20,2.166
8/1/20,2.141
7/1/20,2.162
6/1/20,2.135
3/1/20,2.13
2/1/20,2.122
31/12/19,2.189
30/12/19,2.186
27/12/19,2.158
26/12/19,2.294
24/12/19,2.172
23/12/19,2.214
20/12/19,2.328
19/12/19,2.273
18/12/19,2.286
17/12/19,2.319
16/12/19,2.341
13/12/19,2.296
12/12/19,2.328
11/12/19,2.243
10/12/19,2.264
9/12/19,2.232
6/12/19,2.334
5/12/19,2.427
4/12/19,2.399
3/12/19,2.441
2/12/19,2.329
29/11/19,2.281
27/11/19,2.501
26/11/19,2.47
25/11/19,2.531
22/11/19,2.665
21/11/19,2.567
20/11/19,2.559
19/11/19,2.51
18/11/19,2.566
15/11/19,2.688
14/11/19,2.647
13/11/19,2.6
12/11/19,2.621
11/11/19,2.637
8/11/19,2.789
7/11/19,2.772
6/11/19,2.828
5/11/19,2.862
4/11/19,2.821
1/11/19,2.714
31/10/19,2.633
30/10/19,2.691
29/10/19,2.597
28/10/19,2.446
25/10/19,2.3
24/10/19,2.316
23/10/19,2.282
22/10/19,2.272
21/10/19,2.238
18/10/19,2.32
17/10/19,2.318
16/10/19,2.303
15/10/19,2.339
14/10/19,2.28
11/10/19,2.214
10/10/19,2.218
9/10/19,2.234
8/10/19,2.288
7/10/19,2.303
4/10/19,2.352
3/10/19,2.329
2/10/19,2.247
1/10/19,2.283
30/9/19,2.33
27/9/19,2.404
26/9/19,2.428
25/9/19,2.502
24/9/19,2.503
23/9/19,2.527
20/9/19,2.534
19/9/19,2.538
18/9/19,2.637
17/9/19,2.668
16/9/19,2.681
13/9/19,2.614
12/9/19,2.574
11/9/19,2.552
10/9/19,2.58
9/9/19,2.585
6/9/19,2.496
5/9/19,2.435
4/9/19,2.445
3/9/19,2.358
30/8/19,2.285
29/8/19,2.296
28/8/19,2.251
27/8/19,2.202
26/8/19,2.23
23/8/19,2.152
22/8/19,2.159
21/8/19,2.17
20/8/19,2.218
19/8/19,2.21
16/8/19,2.2
15/8/19,2.232
14/8/19,2.143
13/8/19,2.147
12/8/19,2.105
9/8/19,2.119
8/8/19,2.128
7/8/19,2.083
6/8/19,2.111
5/8/19,2.07
2/8/19,2.121
1/8/19,2.202
31/7/19,2.233
30/7/19,2.137
29/7/19,2.141
26/7/19,2.169
25/7/19,2.244
24/7/19,2.22
23/7/19,2.3
22/7/19,2.312
19/7/19,2.251
18/7/19,2.287
17/7/19,2.304
16/7/19,2.306
15/7/19,2.408
12/7/19,2.453
11/7/19,2.416
10/7/19,2.444
9/7/19,2.425
8/7/19,2.403
5/7/19,2.418
3/7/19,2.29
2/7/19,2.24
1/7/19,2.267
28/6/19,2.308
27/6/19,2.324
26/6/19,2.291
25/6/19,2.308
24/6/19,2.303
21/6/19,2.186
20/6/19,2.185
19/6/19,2.276
18/6/19,2.328
17/6/19,2.386
14/6/19,2.387
13/6/19,2.325
12/6/19,2.386
11/6/19,2.399
10/6/19,2.357
7/6/19,2.337
6/6/19,2.324
5/6/19,2.378
4/6/19,2.416
3/6/19,2.403
31/5/19,2.454
30/5/19,2.547
29/5/19,2.633
28/5/19,2.582
24/5/19,2.598
23/5/19,2.578
22/5/19,2.543
21/5/19,2.613
20/5/19,2.673
17/5/19,2.631
16/5/19,2.639
15/5/19,2.601
14/5/19,2.659
13/5/19,2.621
10/5/19,2.619
9/5/19,2.595
8/5/19,2.61
7/5/19,2.537
6/5/19,2.524
3/5/19,2.567
2/5/19,2.589
1/5/19,2.62
30/4/19,2.575
29/4/19,2.593
26/4/19,2.566
25/4/19,2.514
24/4/19,2.462
23/4/19,2.455
22/4/19,2.524
18/4/19,2.49
17/4/19,2.517
16/4/19,2.572
15/4/19,2.59
12/4/19,2.66
11/4/19,2.664
10/4/19,2.7
9/4/19,2.699
8/4/19,2.708
5/4/19,2.664
4/4/19,2.643
3/4/19,2.677
2/4/19,2.684
1/4/19,2.708
29/3/19,2.662
28/3/19,2.712
27/3/19,2.713
26/3/19,2.74
25/3/19,2.755
22/3/19,2.753
21/3/19,2.821
20/3/19,2.82
19/3/19,2.874
18/3/19,2.85
15/3/19,2.795
14/3/19,2.855
13/3/19,2.82
12/3/19,2.784
11/3/19,2.772
8/3/19,2.865
7/3/19,2.866
6/3/19,2.841
5/3/19,2.884
4/3/19,2.857
1/3/19,2.859
28/2/19,2.812
27/2/19,2.799
26/2/19,2.855
25/2/19,2.836
22/2/19,2.717
21/2/19,2.697
20/2/19,2.636
19/2/19,2.662
15/2/19,2.625
14/2/19,2.573
13/2/19,2.575
12/2/19,2.688
11/2/19,2.642
8/2/19,2.583
7/2/19,2.551
6/2/19,2.662
5/2/19,2.662
4/2/19,2.66
1/2/19,2.734
31/1/19,2.814
30/1/19,2.854
29/1/19,2.95
28/1/19,2.911
25/1/19,3.178
24/1/19,3.099
23/1/19,2.98
22/1/19,3.04
18/1/19,3.482
17/1/19,3.413
16/1/19,3.384
15/1/19,3.501
14/1/19,3.591
11/1/19,3.099
10/1/19,2.969
9/1/19,2.984
8/1/19,2.967
7/1/19,2.944
4/1/19,3.044
3/1/19,2.945
2/1/19,2.958
31/12/18,2.94
28/12/18,3.303
27/12/18,3.642
26/12/18,3.543
24/12/18,3.467
21/12/18,3.816
20/12/18,3.583
19/12/18,3.726
18/12/18,3.838
17/12/18,3.528
14/12/18,3.827
13/12/18,4.124
12/12/18,4.136
11/12/18,4.407
10/12/18,4.545
7/12/18,4.488
6/12/18,4.327
5/12/18,4.469
4/12/18,4.457
3/12/18,4.339
30/11/18,4.612
29/11/18,4.646
28/11/18,4.715
27/11/18,4.262
26/11/18,4.248
23/11/18,4.308
21/11/18,4.451
20/11/18,4.523
19/11/18,4.7
16/11/18,4.272
15/11/18,4.038
14/11/18,4.837
13/11/18,4.101
12/11/18,3.788
9/11/18,3.719
8/11/18,3.543
7/11/18,3.555
6/11/18,3.555
5/11/18,3.567
2/11/18,3.284
1/11/18,3.237
31/10/18,3.261
30/10/18,3.187
29/10/18,3.185
26/10/18,3.185
25/10/18,3.202
24/10/18,3.166
23/10/18,3.212
22/10/18,3.138
19/10/18,3.25
18/10/18,3.198
17/10/18,3.32
16/10/18,3.239
15/10/18,3.242
12/10/18,3.161
11/10/18,3.222
10/10/18,3.284
9/10/18,3.266
8/10/18,3.267
5/10/18,3.143
4/10/18,3.165
3/10/18,3.23
2/10/18,3.166
1/10/18,3.094
28/9/18,3.008
27/9/18,3.056
26/9/18,3.021
25/9/18,3.082
24/9/18,3.038
21/9/18,2.977
20/9/18,2.976
19/9/18,2.908
18/9/18,2.933
17/9/18,2.814
14/9/18,2.767
13/9/18,2.817
12/9/18,2.829
11/9/18,2.828
10/9/18,2.804
7/9/18,2.776
6/9/18,2.772
5/9/18,2.795
4/9/18,2.823
31/8/18,2.916
30/8/18,2.874
29/8/18,2.895
28/8/18,2.852
27/8/18,2.876
24/8/18,2.917
23/8/18,2.964
22/8/18,2.956
21/8/18,2.98
20/8/18,2.941
17/8/18,2.946
16/8/18,2.908
15/8/18,2.94
14/8/18,2.959
13/8/18,2.93
10/8/18,2.944
9/8/18,2.955
8/8/18,2.949
7/8/18,2.897
6/8/18,2.86
3/8/18,2.853
2/8/18,2.816
1/8/18,2.758
31/7/18,2.782
30/7/18,2.797
27/7/18,2.822
26/7/18,2.78
25/7/18,2.775
24/7/18,2.732
23/7/18,2.721
20/7/18,2.757
19/7/18,2.769
18/7/18,2.721
17/7/18,2.74
16/7/18,2.759
13/7/18,2.752
12/7/18,2.797
11/7/18,2.829
10/7/18,2.788
9/7/18,2.828
6/7/18,2.858
5/7/18,2.837
3/7/18,2.87
2/7/18,2.862
29/6/18,2.924
28/6/18,2.94
27/6/18,2.996
26/6/18,2.939
25/6/18,2.923
22/6/18,2.945
21/6/18,2.975
20/6/18,2.964
19/6/18,2.9
18/6/18,2.951
15/6/18,3.022
14/6/18,2.965
13/6/18,2.963
12/6/18,2.939
11/6/18,2.949
8/6/18,2.89
7/6/18,2.93
6/6/18,2.896
5/6/18,2.89
4/6/18,2.93
1/6/18,2.962
31/5/18,2.952
30/5/18,2.885
29/5/18,2.875
25/5/18,2.939
24/5/18,2.94
23/5/18,2.914
22/5/18,2.908
21/5/18,2.81
18/5/18,2.847
17/5/18,2.859
16/5/18,2.815
15/5/18,2.836
14/5/18,2.842
11/5/18,2.806
10/5/18,2.814
9/5/18,2.737
8/5/18,2.732
7/5/18,2.741
4/5/18,2.711
3/5/18,2.726
2/5/18,2.754
1/5/18,2.802
30/4/18,2.763
27/4/18,2.771
26/4/18,2.821
25/4/18,2.786
24/4/18,2.781
23/4/18,2.74
20/4/18,2.739
19/4/18,2.66
18/4/18,2.739
17/4/18,2.738
16/4/18,2.752
13/4/18,2.735
12/4/18,2.686
11/4/18,2.675
10/4/18,2.656
9/4/18,2.693
6/4/18,2.701
5/4/18,2.675
4/4/18,2.718
3/4/18,2.697
2/4/18,2.683
29/3/18,2.733
28/3/18,2.698
27/3/18,2.691
26/3/18,2.618
23/3/18,2.591
22/3/18,2.617
21/3/18,2.638
20/3/18,2.675
19/3/18,2.651
16/3/18,2.688
15/3/18,2.681
14/3/18,2.731
13/3/18,2.786
12/3/18,2.778
9/3/18,2.732
8/3/18,2.756
7/3/18,2.777
6/3/18,2.749
5/3/18,2.704
2/3/18,2.695
1/3/18,2.698
28/2/18,2.667
27/2/18,2.683
26/2/18,2.639
23/2/18,2.625
22/2/18,2.634
21/2/18,2.659
20/2/18,2.616
16/2/18,2.558
15/2/18,2.58
14/2/18,2.587
13/2/18,2.594
12/2/18,2.552
9/2/18,2.584
8/2/18,2.697
7/2/18,2.702
6/2/18,2.759
5/2/18,2.747
2/2/18,2.846
1/2/18,2.856
31/1/18,2.995
30/1/18,3.195
29/1/18,3.631
26/1/18,3.505
25/1/18,3.447
24/1/18,3.509
23/1/18,3.444
22/1/18,3.224
19/1/18,3.185
18/1/18,3.189
17/1/18,3.232
16/1/18,3.129
12/1/18,3.2
11/1/18,3.084
10/1/18,2.906
9/1/18,2.923
8/1/18,2.835
5/1/18,2.795
4/1/18,2.88
3/1/18,3.008
2/1/18,3.056
29/12/17,2.953
28/12/17,2.914
27/12/17,2.738
26/12/17,2.643
22/12/17,2.667
21/12/17,2.598
20/12/17,2.637
19/12/17,2.692
18/12/17,2.745
15/12/17,2.612
14/12/17,2.684
13/12/17,2.715
12/12/17,2.678
11/12/17,2.828
8/12/17,2.772
7/12/17,2.763
6/12/17,2.922
5/12/17,2.914
4/12/17,2.985
1/12/17,3.061
30/11/17,3.025
29/11/17,3.179
28/11/17,3.074
27/11/17,2.928
24/11/17,2.813
22/11/17,2.968
21/11/17,3.017
20/11/17,3.047
17/11/17,3.097
16/11/17,3.053
15/11/17,3.08
14/11/17,3.102
13/11/17,3.167
10/11/17,3.213
9/11/17,3.2
8/11/17,3.175
7/11/17,3.152
6/11/17,3.134
3/11/17,2.984
2/11/17,2.935
1/11/17,2.893
31/10/17,2.896
30/10/17,2.966
27/10/17,2.752
26/10/17,2.89
25/10/17,2.919
24/10/17,2.974
23/10/17,2.991
20/10/17,2.915
19/10/17,2.873
18/10/17,2.854
17/10/17,2.962
16/10/17,2.946
13/10/17,3.0
12/10/17,2.989
11/10/17,2.889
10/10/17,2.891
9/10/17,2.833
6/10/17,2.863
5/10/17,2.923
4/10/17,2.94
3/10/17,2.895
2/10/17,2.916
29/9/17,3.007
28/9/17,3.017
27/9/17,2.974
26/9/17,2.918
25/9/17,2.919
22/9/17,2.959
21/9/17,2.946
20/9/17,3.094
19/9/17,3.122
18/9/17,3.146
15/9/17,3.024
14/9/17,3.07
13/9/17,3.058
12/9/17,3.001
11/9/17,2.95
8/9/17,2.89
7/9/17,2.981
6/9/17,3.0
5/9/17,2.972
1/9/17,3.07
31/8/17,3.04
30/8/17,2.939
29/8/17,2.961
28/8/17,2.925
25/8/17,2.892
24/8/17,2.949
23/8/17,2.928
22/8/17,2.939
21/8/17,2.962
18/8/17,2.893
17/8/17,2.929
16/8/17,2.89
15/8/17,2.935
14/8/17,2.959
11/8/17,2.983
10/8/17,2.985
9/8/17,2.883
8/8/17,2.822
7/8/17,2.801
4/8/17,2.774
3/8/17,2.8
2/8/17,2.811
1/8/17,2.819
31/7/17,2.794
28/7/17,2.941
27/7/17,2.969
26/7/17,2.924
25/7/17,2.944
24/7/17,2.899
21/7/17,2.97
20/7/17,3.043
19/7/17,3.066
18/7/17,3.088
17/7/17,3.02
14/7/17,2.98
13/7/17,2.961
12/7/17,2.985
11/7/17,3.047
10/7/17,2.929
7/7/17,2.864
6/7/17,2.888
5/7/17,2.84
3/7/17,2.951
30/6/17,3.035
29/6/17,3.042
28/6/17,3.067
27/6/17,3.037
26/6/17,3.027
23/6/17,2.929
22/6/17,2.894
21/6/17,2.893
20/6/17,2.907
19/6/17,2.894
16/6/17,3.037
15/6/17,3.056
14/6/17,2.933
13/6/17,2.966
12/6/17,3.024
9/6/17,3.039
8/6/17,3.028
7/6/17,3.02
6/6/17,3.042
5/6/17,2.982
2/6/17,2.999
1/6/17,3.008
31/5/17,3.071
30/5/17,3.145
26/5/17,3.236
25/5/17,3.184
24/5/17,3.209
23/5/17,3.219
22/5/17,3.33
19/5/17,3.256
18/5/17,3.182
17/5/17,3.192
16/5/17,3.23
15/5/17,3.349
12/5/17,3.424
11/5/17,3.376
10/5/17,3.292
9/5/17,3.227
8/5/17,3.172
5/5/17,3.266
4/5/17,3.186
3/5/17,3.228
2/5/17,3.195
1/5/17,3.215
28/4/17,3.276
27/4/17,3.239
26/4/17,3.142
25/4/17,3.043
24/4/17,3.066
21/4/17,3.101
20/4/17,3.159
19/4/17,3.185
18/4/17,3.145
17/4/17,3.163
13/4/17,3.227
12/4/17,3.187
11/4/17,3.15
10/4/17,3.238
7/4/17,3.261
6/4/17,3.331
5/4/17,3.266
4/4/17,3.293
3/4/17,3.128
31/3/17,3.19
30/3/17,3.191
29/3/17,3.175
28/3/17,3.096
27/3/17,3.052
24/3/17,3.076
23/3/17,3.051
22/3/17,3.011
21/3/17,3.093
20/3/17,3.041
17/3/17,2.948
16/3/17,2.902
15/3/17,2.981
14/3/17,2.938
13/3/17,3.043
10/3/17,3.008
9/3/17,2.974
8/3/17,2.901
7/3/17,2.824
6/3/17,2.901
3/3/17,2.827
2/3/17,2.804
1/3/17,2.799
28/2/17,2.774
27/2/17,2.693
24/2/17,2.627
23/2/17,2.617
22/2/17,2.592
21/2/17,2.564
17/2/17,2.834
16/2/17,2.854
15/2/17,2.925
14/2/17,2.905
13/2/17,2.944
10/2/17,3.034
9/2/17,3.141
8/2/17,3.126
7/2/17,3.13
6/2/17,3.05
3/2/17,3.063
2/2/17,3.187
1/2/17,3.168
31/1/17,3.117
30/1/17,3.232
27/1/17,3.391
26/1/17,3.382
25/1/17,3.332
24/1/17,3.279
23/1/17,3.243
20/1/17,3.204
19/1/17,3.368
18/1/17,3.302
17/1/17,3.412
13/1/17,3.419
12/1/17,3.386
11/1/17,3.224
10/1/17,3.278
9/1/17,3.103
6/1/17,3.285
5/1/17,3.273
4/1/17,3.267
3/1/17,3.327
30/12/16,3.724
29/12/16,3.802
28/12/16,3.93
27/12/16,3.761
23/12/16,3.662
22/12/16,3.538
21/12/16,3.542
20/12/16,3.263
19/12/16,3.392
16/12/16,3.415
15/12/16,3.434
14/12/16,3.54
13/12/16,3.474
12/12/16,3.507
9/12/16,3.746
8/12/16,3.695
7/12/16,3.603
6/12/16,3.635
5/12/16,3.654
2/12/16,3.436
1/12/16,3.505
30/11/16,3.352
29/11/16,3.315
28/11/16,3.232
25/11/16,3.085
23/11/16,3.026
22/11/16,2.982
21/11/16,2.95
18/11/16,2.843
17/11/16,2.703
16/11/16,2.764
15/11/16,2.709
14/11/16,2.749
11/11/16,2.619
10/11/16,2.632
9/11/16,2.69
8/11/16,2.633
7/11/16,2.816
4/11/16,2.767
3/11/16,2.769
2/11/16,2.792
1/11/16,2.902
31/10/16,3.026
28/10/16,3.105
27/10/16,2.764
26/10/16,2.731
25/10/16,2.774
24/10/16,2.831
21/10/16,2.993
20/10/16,3.141
19/10/16,3.17
18/10/16,3.263
17/10/16,3.244
14/10/16,3.285
13/10/16,3.341
12/10/16,3.21
11/10/16,3.237
10/10/16,3.275
7/10/16,3.193
6/10/16,3.049
5/10/16,3.041
4/10/16,2.964
3/10/16,2.923
30/9/16,2.906
29/9/16,2.959
28/9/16,2.952
27/9/16,2.996
26/9/16,2.997
23/9/16,2.955
22/9/16,2.99
21/9/16,3.057
20/9/16,3.047
19/9/16,2.934
16/9/16,2.948
15/9/16,2.927
14/9/16,2.889
13/9/16,2.909
12/9/16,2.915
9/9/16,2.797
8/9/16,2.806
7/9/16,2.676
6/9/16,2.717
2/9/16,2.792
1/9/16,2.792
31/8/16,2.887
30/8/16,2.827
29/8/16,2.853
26/8/16,2.871
25/8/16,2.846
24/8/16,2.796
23/8/16,2.761
22/8/16,2.679
19/8/16,2.584
18/8/16,2.674
17/8/16,2.619
16/8/16,2.617
15/8/16,2.59
12/8/16,2.586
11/8/16,2.551
10/8/16,2.561
9/8/16,2.615
8/8/16,2.748
5/8/16,2.772
4/8/16,2.834
3/8/16,2.839
2/8/16,2.733
1/8/16,2.771
29/7/16,2.876
28/7/16,2.873
27/7/16,2.672
26/7/16,2.712
25/7/16,2.747
22/7/16,2.777
21/7/16,2.692
20/7/16,2.658
19/7/16,2.728
18/7/16,2.722
15/7/16,2.756
14/7/16,2.727
13/7/16,2.737
12/7/16,2.734
11/7/16,2.702
8/7/16,2.801
7/7/16,2.777
6/7/16,2.786
5/7/16,2.764
1/7/16,2.987
30/6/16,2.924
29/6/16,2.863
28/6/16,2.917
27/6/16,2.716
24/6/16,2.662
23/6/16,2.698
22/6/16,2.677
21/6/16,2.768
20/6/16,2.747
17/6/16,2.623
16/6/16,2.58
15/6/16,2.595
14/6/16,2.604
13/6/16,2.585
10/6/16,2.556
9/6/16,2.617
8/6/16,2.468
7/6/16,2.474
6/6/16,2.466
3/6/16,2.398
2/6/16,2.405
1/6/16,2.381
31/5/16,2.288
27/5/16,2.169
26/5/16,1.963
25/5/16,1.992
24/5/16,1.98
23/5/16,2.055
20/5/16,2.062
19/5/16,2.039
18/5/16,2.001
17/5/16,2.048
16/5/16,2.029
13/5/16,2.096
12/5/16,2.155
11/5/16,2.173
10/5/16,2.158
9/5/16,2.098
6/5/16,2.101
5/5/16,2.076
4/5/16,2.141
3/5/16,2.086
2/5/16,2.042
29/4/16,2.178
28/4/16,2.078
27/4/16,1.995
26/4/16,2.032
25/4/16,2.063
22/4/16,2.14
21/4/16,2.068
20/4/16,2.069
19/4/16,2.088
18/4/16,1.94
15/4/16,1.902
14/4/16,1.97
13/4/16,2.036
12/4/16,2.004
11/4/16,1.912
8/4/16,1.99
7/4/16,2.018
6/4/16,1.911
5/4/16,1.954
4/4/16,1.998
1/4/16,1.956
31/3/16,1.959
30/3/16,1.996
29/3/16,1.903
28/3/16,1.848
24/3/16,1.806
23/3/16,1.794
22/3/16,1.863
21/3/16,1.828
18/3/16,1.907
17/3/16,1.936
16/3/16,1.868
15/3/16,1.851
14/3/16,1.819
11/3/16,1.822
10/3/16,1.788
9/3/16,1.752
8/3/16,1.712
7/3/16,1.69
4/3/16,1.666
3/3/16,1.639
2/3/16,1.678
1/3/16,1.742
29/2/16,1.711
26/2/16,1.791
25/2/16,1.711
24/2/16,1.778
23/2/16,1.782
22/2/16,1.821
19/2/16,1.804
18/2/16,1.852
17/2/16,1.942
16/2/16,1.903
12/2/16,1.966
11/2/16,1.994
10/2/16,2.046
9/2/16,2.098
8/2/16,2.14
5/2/16,2.063
4/2/16,1.972
3/2/16,2.038
2/2/16,2.025
1/2/16,2.152
29/1/16,2.298
28/1/16,2.182
27/1/16,2.189
26/1/16,2.18
25/1/16,2.158
22/1/16,2.139
21/1/16,2.138
20/1/16,2.118
19/1/16,2.091
15/1/16,2.1
14/1/16,2.139
13/1/16,2.269
12/1/16,2.257
11/1/16,2.396
8/1/16,2.472
7/1/16,2.382
6/1/16,2.267
5/1/16,2.325
4/1/16,2.334
31/12/15,2.337
30/12/15,2.214
29/12/15,2.372
28/12/15,2.228
24/12/15,2.029
23/12/15,1.983
22/12/15,1.888
21/12/15,1.911
18/12/15,1.767
17/12/15,1.755
16/12/15,1.79
15/12/15,1.822
14/12/15,1.894
11/12/15,1.99
10/12/15,2.015
9/12/15,2.062
8/12/15,2.07
7/12/15,2.067
4/12/15,2.186
3/12/15,2.181
2/12/15,2.165
1/12/15,2.231
30/11/15,2.235
27/11/15,2.212
25/11/15,2.206
24/11/15,2.2
23/11/15,2.21
20/11/15,2.145
19/11/15,2.276
18/11/15,2.347
17/11/15,2.371
16/11/15,2.385
13/11/15,2.361
12/11/15,2.26
11/11/15,2.263
10/11/15,2.32
9/11/15,2.3
6/11/15,2.371
5/11/15,2.364
4/11/15,2.262
3/11/15,2.253
2/11/15,2.256
30/10/15,2.321
29/10/15,2.257
28/10/15,2.033
27/10/15,2.092
26/10/15,2.062
23/10/15,2.286
22/10/15,2.386
21/10/15,2.404
20/10/15,2.476
19/10/15,2.442
16/10/15,2.43
15/10/15,2.453
14/10/15,2.518
13/10/15,2.498
12/10/15,2.535
9/10/15,2.502
8/10/15,2.498
7/10/15,2.474
6/10/15,2.47
5/10/15,2.45
2/10/15,2.451
1/10/15,2.433
30/9/15,2.524
29/9/15,2.586
28/9/15,2.563
25/9/15,2.564
24/9/15,2.591
23/9/15,2.569
22/9/15,2.577
21/9/15,2.573
18/9/15,2.605
17/9/15,2.652
16/9/15,2.66
15/9/15,2.728
14/9/15,2.758
11/9/15,2.693
10/9/15,2.683
9/9/15,2.651
8/9/15,2.71
4/9/15,2.655
3/9/15,2.725
2/9/15,2.648
1/9/15,2.702
31/8/15,2.689
28/8/15,2.715
27/8/15,2.638
26/8/15,2.693
25/8/15,2.685
24/8/15,2.65
21/8/15,2.676
20/8/15,2.755
19/8/15,2.716
18/8/15,2.704
17/8/15,2.728
14/8/15,2.801
13/8/15,2.787
12/8/15,2.931
11/8/15,2.844
10/8/15,2.842
7/8/15,2.798
6/8/15,2.813
5/8/15,2.798
4/8/15,2.812
3/8/15,2.748
31/7/15,2.716
30/7/15,2.768
29/7/15,2.886
28/7/15,2.821
27/7/15,2.789
24/7/15,2.776
23/7/15,2.816
22/7/15,2.897
21/7/15,2.882
20/7/15,2.823
17/7/15,2.87
16/7/15,2.854
15/7/15,2.918
14/7/15,2.84
13/7/15,2.864
10/7/15,2.77
9/7/15,2.726
8/7/15,2.685
7/7/15,2.716
6/7/15,2.756
2/7/15,2.822
1/7/15,2.783
30/6/15,2.832
29/6/15,2.805
26/6/15,2.773
25/6/15,2.85
24/6/15,2.759
23/6/15,2.726
22/6/15,2.733
19/6/15,2.816
18/6/15,2.777
17/6/15,2.855
16/6/15,2.894
15/6/15,2.889
12/6/15,2.75
11/6/15,2.825
10/6/15,2.891
9/6/15,2.846
8/6/15,2.705
5/6/15,2.59
4/6/15,2.626
3/6/15,2.634
2/6/15,2.698
1/6/15,2.649
29/5/15,2.642
28/5/15,2.706
27/5/15,2.815
26/5/15,2.822
22/5/15,2.887
21/5/15,2.949
20/5/15,2.915
19/5/15,2.948
18/5/15,3.01
15/5/15,3.016
14/5/15,3.008
13/5/15,2.935
12/5/15,2.897
11/5/15,2.802
8/5/15,2.88
7/5/15,2.734
6/5/15,2.776
5/5/15,2.78
4/5/15,2.821
1/5/15,2.776
30/4/15,2.751
29/4/15,2.606
28/4/15,2.517
27/4/15,2.49
24/4/15,2.531
23/4/15,2.531
22/4/15,2.606
21/4/15,2.575
20/4/15,2.536
17/4/15,2.634
16/4/15,2.684
15/4/15,2.61
14/4/15,2.53
13/4/15,2.511
10/4/15,2.511
9/4/15,2.528
8/4/15,2.619
7/4/15,2.68
6/4/15,2.65
2/4/15,2.713
1/4/15,2.605
31/3/15,2.64
30/3/15,2.644
27/3/15,2.59
26/3/15,2.672
25/3/15,2.723
24/3/15,2.786
23/3/15,2.733
20/3/15,2.786
19/3/15,2.813
18/3/15,2.92
17/3/15,2.855
16/3/15,2.716
13/3/15,2.727
12/3/15,2.734
11/3/15,2.824
10/3/15,2.732
9/3/15,2.678
6/3/15,2.839
5/3/15,2.841
4/3/15,2.769
3/3/15,2.712
2/3/15,2.698
27/2/15,2.734
26/2/15,2.697
25/2/15,2.894
24/2/15,2.902
23/2/15,2.879
20/2/15,2.951
19/2/15,2.834
18/2/15,2.831
17/2/15,2.759
13/2/15,2.804
12/2/15,2.713
11/2/15,2.797
10/2/15,2.677
9/2/15,2.597
6/2/15,2.579
5/2/15,2.6
4/2/15,2.662
3/2/15,2.754
2/2/15,2.68
30/1/15,2.691
29/1/15,2.719
28/1/15,2.866
27/1/15,2.981
26/1/15,2.881
23/1/15,2.986
22/1/15,2.835
21/1/15,2.974
20/1/15,2.831
16/1/15,3.127
15/1/15,3.158
14/1/15,3.233
13/1/15,2.943
12/1/15,2.795
9/1/15,2.946
8/1/15,2.927
7/1/15,2.871
6/1/15,2.938
5/1/15,2.882
2/1/15,3.003
31/12/14,2.889
30/12/14,3.094
29/12/14,3.189
26/12/14,3.007
24/12/14,3.03
23/12/14,3.171
22/12/14,3.144
19/12/14,3.464
18/12/14,3.642
17/12/14,3.702
16/12/14,3.619
15/12/14,3.719
12/12/14,3.795
11/12/14,3.634
10/12/14,3.706
9/12/14,3.652
8/12/14,3.595
5/12/14,3.802
4/12/14,3.649
3/12/14,3.805
2/12/14,3.874
1/12/14,4.007
28/11/14,4.088
26/11/14,4.355
25/11/14,4.282
24/11/14,4.151
21/11/14,4.266
20/11/14,4.489
19/11/14,4.371
18/11/14,4.244
17/11/14,4.341
14/11/14,4.02
13/11/14,3.977
12/11/14,4.185
11/11/14,4.247
10/11/14,4.255
7/11/14,4.412
6/11/14,4.404
5/11/14,4.194
4/11/14,4.129
3/11/14,4.046
31/10/14,3.873
30/10/14,3.827
29/10/14,3.728
28/10/14,3.649
27/10/14,3.561
24/10/14,3.623
23/10/14,3.622
22/10/14,3.659
21/10/14,3.711
20/10/14,3.67
17/10/14,3.766
16/10/14,3.796
15/10/14,3.8
14/10/14,3.816
13/10/14,3.916
10/10/14,3.859
9/10/14,3.845
8/10/14,3.855
7/10/14,3.957
6/10/14,3.898
3/10/14,4.039
2/10/14,3.932
1/10/14,4.023
30/9/14,4.121
29/9/14,4.154
26/9/14,3.984
25/9/14,3.971
24/9/14,3.911
23/9/14,3.816
22/9/14,3.85
19/9/14,3.837
18/9/14,3.91
17/9/14,4.013
16/9/14,3.995
15/9/14,3.931
12/9/14,3.857
11/9/14,3.823
10/9/14,3.954
9/9/14,3.984
8/9/14,3.876
5/9/14,3.793
4/9/14,3.819
3/9/14,3.847
2/9/14,3.89
29/8/14,4.065
28/8/14,4.044
27/8/14,3.957
26/8/14,3.911
25/8/14,3.937
22/8/14,3.84
21/8/14,3.889
20/8/14,3.823
19/8/14,3.877
18/8/14,3.792
15/8/14,3.776
14/8/14,3.906
13/8/14,3.831
12/8/14,3.974
11/8/14,3.965
8/8/14,3.962
7/8/14,3.876
6/8/14,3.933
5/8/14,3.897
4/8/14,3.834
1/8/14,3.798
31/7/14,3.841
30/7/14,3.786
29/7/14,3.808
28/7/14,3.747
25/7/14,3.781
24/7/14,3.847
23/7/14,3.762
22/7/14,3.772
21/7/14,3.849
18/7/14,3.951
17/7/14,3.954
16/7/14,4.119
15/7/14,4.097
14/7/14,4.147
11/7/14,4.146
10/7/14,4.12
9/7/14,4.17
8/7/14,4.204
7/7/14,4.225
3/7/14,4.406
2/7/14,4.357
1/7/14,4.455
30/6/14,4.461
27/6/14,4.409
26/6/14,4.4
25/6/14,4.553
24/6/14,4.535
23/6/14,4.446
20/6/14,4.531
19/6/14,4.584
18/6/14,4.659
17/6/14,4.709
16/6/14,4.707
13/6/14,4.739
12/6/14,4.762
11/6/14,4.508
10/6/14,4.53
9/6/14,4.645
6/6/14,4.71
5/6/14,4.701
4/6/14,4.64
3/6/14,4.629
2/6/14,4.612
30/5/14,4.542
29/5/14,4.559
28/5/14,4.619
27/5/14,4.505
23/5/14,4.405
22/5/14,4.359
21/5/14,4.473
20/5/14,4.552
19/5/14,4.47
16/5/14,4.413
15/5/14,4.469
14/5/14,4.367
13/5/14,4.358
12/5/14,4.434
9/5/14,4.531
8/5/14,4.572
7/5/14,4.74
6/5/14,4.799
5/5/14,4.688
2/5/14,4.674
1/5/14,4.719
30/4/14,4.815
29/4/14,4.831
28/4/14,4.795
25/4/14,4.647
24/4/14,4.705
23/4/14,4.73
22/4/14,4.739
21/4/14,4.697
17/4/14,4.741
16/4/14,4.53
15/4/14,4.567
14/4/14,4.56
11/4/14,4.62
10/4/14,4.655
9/4/14,4.586
8/4/14,4.534
7/4/14,4.476
4/4/14,4.439
3/4/14,4.47
2/4/14,4.364
1/4/14,4.276
31/3/14,4.371
28/3/14,4.485
27/3/14,4.584
26/3/14,4.402
25/3/14,4.411
24/3/14,4.276
21/3/14,4.313
20/3/14,4.369
19/3/14,4.484
18/3/14,4.456
17/3/14,4.536
14/3/14,4.425
13/3/14,4.383
12/3/14,4.49
11/3/14,4.605
10/3/14,4.651
7/3/14,4.618
6/3/14,4.662
5/3/14,4.523
4/3/14,4.667
3/3/14,4.492
28/2/14,4.609
27/2/14,4.511
26/2/14,4.855
25/2/14,5.096
24/2/14,5.445
21/2/14,6.135
20/2/14,6.064
19/2/14,6.149
18/2/14,5.551
14/2/14,5.214
13/2/14,5.223
12/2/14,4.822
11/2/14,4.824
10/2/14,4.579
7/2/14,4.775
6/2/14,4.931
5/2/14,5.03
4/2/14,5.375
3/2/14,4.905
31/1/14,4.943
30/1/14,5.011
29/1/14,5.557
28/1/14,5.033
27/1/14,4.847
24/1/14,5.182
23/1/14,4.73
22/1/14,4.689
21/1/14,4.431
17/1/14,4.326
16/1/14,4.382
15/1/14,4.325
14/1/14,4.369
13/1/14,4.274
10/1/14,4.053
9/1/14,4.005
8/1/14,4.216
7/1/14,4.299
6/1/14,4.306
3/1/14,4.304
2/1/14,4.321
31/12/13,4.23
30/12/13,4.427
27/12/13,4.407
26/12/13,4.433
24/12/13,4.416
23/12/13,4.463
20/12/13,4.418
19/12/13,4.46
18/12/13,4.251
17/12/13,4.287
16/12/13,4.279
13/12/13,4.351
12/12/13,4.409
11/12/13,4.337
10/12/13,4.237
9/12/13,4.232
6/12/13,4.114
5/12/13,4.132
4/12/13,3.96
3/12/13,3.976
2/12/13,3.988
29/11/13,3.954
27/11/13,3.895
26/11/13,3.818
25/11/13,3.789
22/11/13,3.768
21/11/13,3.702
20/11/13,3.674
19/11/13,3.556
18/11/13,3.617
15/11/13,3.66
14/11/13,3.605
13/11/13,3.566
12/11/13,3.617
11/11/13,3.574
8/11/13,3.559
7/11/13,3.519
6/11/13,3.498
5/11/13,3.466
4/11/13,3.445
1/11/13,3.513
31/10/13,3.581
30/10/13,3.62
29/10/13,3.496
28/10/13,3.569
25/10/13,3.707
24/10/13,3.629
23/10/13,3.619
22/10/13,3.581
21/10/13,3.668
18/10/13,3.764
17/10/13,3.757
16/10/13,3.769
15/10/13,3.79
14/10/13,3.82
11/10/13,3.776
10/10/13,3.723
9/10/13,3.679
8/10/13,3.716
7/10/13,3.629
4/10/13,3.506
3/10/13,3.499
2/10/13,3.542
1/10/13,3.609
30/9/13,3.56
27/9/13,3.589
26/9/13,3.498
25/9/13,3.493
24/9/13,3.492
23/9/13,3.602
20/9/13,3.687
19/9/13,3.72
18/9/13,3.713
17/9/13,3.745
16/9/13,3.738
13/9/13,3.677
12/9/13,3.638
11/9/13,3.567
10/9/13,3.584
9/9/13,3.605
6/9/13,3.53
5/9/13,3.575
4/9/13,3.683
3/9/13,3.666
30/8/13,3.581
29/8/13,3.618
28/8/13,3.567
27/8/13,3.534
26/8/13,3.513
23/8/13,3.485
22/8/13,3.545
21/8/13,3.46
20/8/13,3.444
19/8/13,3.463
16/8/13,3.368
15/8/13,3.419
14/8/13,3.342
13/8/13,3.285
12/8/13,3.31
9/8/13,3.23
8/8/13,3.297
7/8/13,3.247
6/8/13,3.318
5/8/13,3.319
2/8/13,3.347
1/8/13,3.387
31/7/13,3.446
30/7/13,3.432
29/7/13,3.459
26/7/13,3.555
25/7/13,3.644
24/7/13,3.698
23/7/13,3.743
22/7/13,3.677
19/7/13,3.789
18/7/13,3.812
17/7/13,3.629
16/7/13,3.677
15/7/13,3.674
12/7/13,3.644
11/7/13,3.613
10/7/13,3.68
9/7/13,3.657
8/7/13,3.741
5/7/13,3.617
3/7/13,3.69
2/7/13,3.654
1/7/13,3.577
28/6/13,3.565
27/6/13,3.582
26/6/13,3.707
25/6/13,3.647
24/6/13,3.739
21/6/13,3.771
20/6/13,3.877
19/6/13,3.963
18/6/13,3.905
17/6/13,3.875
14/6/13,3.733
13/6/13,3.814
12/6/13,3.777
11/6/13,3.724
10/6/13,3.8
7/6/13,3.828
6/6/13,3.827
5/6/13,4.001
4/6/13,3.998
3/6/13,3.991
31/5/13,3.984
30/5/13,4.023
29/5/13,4.148
28/5/13,4.174
24/5/13,4.237
23/5/13,4.261
22/5/13,4.186
21/5/13,4.192
20/5/13,4.09
17/5/13,4.055
16/5/13,3.932
15/5/13,4.07
14/5/13,4.024
13/5/13,3.925
10/5/13,3.91
9/5/13,3.983
8/5/13,3.978
7/5/13,3.92
6/5/13,4.011
3/5/13,4.041
2/5/13,4.025
1/5/13,4.326
30/4/13,4.343
29/4/13,4.392
26/4/13,4.152
25/4/13,4.167
24/4/13,4.166
23/4/13,4.238
22/4/13,4.267
19/4/13,4.408
18/4/13,4.401
17/4/13,4.214
16/4/13,4.16
15/4/13,4.137
12/4/13,4.222
11/4/13,4.139
10/4/13,4.085
9/4/13,4.017
8/4/13,4.082
5/4/13,4.125
4/4/13,3.947
3/4/13,3.9
2/4/13,3.969
1/4/13,4.015
28/3/13,4.024
27/3/13,4.068
26/3/13,3.976
25/3/13,3.865
22/3/13,3.927
21/3/13,3.935
20/3/13,3.96
19/3/13,3.969
18/3/13,3.882
15/3/13,3.872
14/3/13,3.812
13/3/13,3.68
12/3/13,3.645
11/3/13,3.649
8/3/13,3.629
7/3/13,3.582
6/3/13,3.47
5/3/13,3.529
4/3/13,3.529
1/3/13,3.456
28/2/13,3.486
27/2/13,3.434
26/2/13,3.427
25/2/13,3.414
22/2/13,3.291
21/2/13,3.246
20/2/13,3.279
19/2/13,3.272
15/2/13,3.153
14/2/13,3.163
13/2/13,3.306
12/2/13,3.23
11/2/13,3.279
8/2/13,3.272
7/2/13,3.285
6/2/13,3.418
5/2/13,3.399
4/2/13,3.315
1/2/13,3.301
31/1/13,3.339
30/1/13,3.335
29/1/13,3.226
28/1/13,3.289
25/1/13,3.444
24/1/13,3.446
23/1/13,3.554
22/1/13,3.558
18/1/13,3.566
17/1/13,3.494
16/1/13,3.435
15/1/13,3.455
14/1/13,3.373
11/1/13,3.327
10/1/13,3.193
9/1/13,3.113
8/1/13,3.218
7/1/13,3.266
4/1/13,3.287
3/1/13,3.198
2/1/13,3.233
31/12/12,3.351
28/12/12,3.469
27/12/12,3.354
26/12/12,3.392
24/12/12,3.346
21/12/12,3.451
20/12/12,3.462
19/12/12,3.32
18/12/12,3.418
17/12/12,3.358
14/12/12,3.314
13/12/12,3.347
12/12/12,3.382
11/12/12,3.412
10/12/12,3.46
7/12/12,3.551
6/12/12,3.666
5/12/12,3.7
4/12/12,3.539
3/12/12,3.591
30/11/12,3.561
29/11/12,3.648
28/11/12,3.696
27/11/12,3.769
26/11/12,3.73
23/11/12,3.901
21/11/12,3.903
20/11/12,3.832
19/11/12,3.719
16/11/12,3.79
15/11/12,3.703
14/11/12,3.76
13/11/12,3.739
12/11/12,3.57
9/11/12,3.503
8/11/12,3.608
7/11/12,3.578
6/11/12,3.617
5/11/12,3.554
2/11/12,3.554
1/11/12,3.699
31/10/12,3.692
30/10/12,3.691
29/10/12,3.471
26/10/12,3.4
25/10/12,3.434
24/10/12,3.45
23/10/12,3.535
22/10/12,3.452
19/10/12,3.617
18/10/12,3.587
17/10/12,3.47
16/10/12,3.437
15/10/12,3.486
12/10/12,3.611
11/10/12,3.604
10/10/12,3.475
9/10/12,3.467
8/10/12,3.403
5/10/12,3.396
4/10/12,3.406
3/10/12,3.395
2/10/12,3.531
1/10/12,3.48
28/9/12,3.32
27/9/12,3.297
26/9/12,3.023
25/9/12,2.924
24/9/12,2.837
21/9/12,2.885
20/9/12,2.797
19/9/12,2.762
18/9/12,2.773
17/9/12,2.865
14/9/12,2.943
13/9/12,3.037
12/9/12,3.063
11/9/12,2.992
10/9/12,2.812
7/9/12,2.682
6/9/12,2.776
5/9/12,2.795
4/9/12,2.854
31/8/12,2.799
30/8/12,2.748
29/8/12,2.634
28/8/12,2.614
27/8/12,2.653
24/8/12,2.702
23/8/12,2.802
22/8/12,2.826
21/8/12,2.775
20/8/12,2.776
17/8/12,2.719
16/8/12,2.724
15/8/12,2.748
14/8/12,2.834
13/8/12,2.729
10/8/12,2.77
9/8/12,2.945
8/8/12,2.933
7/8/12,2.964
6/8/12,2.908
3/8/12,2.877
2/8/12,2.92
1/8/12,3.171
31/7/12,3.209
30/7/12,3.214
27/7/12,3.01
26/7/12,3.105
25/7/12,3.07
24/7/12,3.187
23/7/12,3.117
20/7/12,3.081
19/7/12,2.999
18/7/12,2.973
17/7/12,2.796
16/7/12,2.801
13/7/12,2.874
12/7/12,2.874
11/7/12,2.853
10/7/12,2.737
9/7/12,2.883
6/7/12,2.776
5/7/12,2.945
3/7/12,2.899
2/7/12,2.824
29/6/12,2.824
28/6/12,2.722
27/6/12,2.774
26/6/12,2.767
25/6/12,2.694
22/6/12,2.625
21/6/12,2.582
20/6/12,2.517
19/6/12,2.545
18/6/12,2.635
15/6/12,2.467
14/6/12,2.495
13/6/12,2.185
12/6/12,2.232
11/6/12,2.218
8/6/12,2.299
7/6/12,2.274
6/6/12,2.421
5/6/12,2.446
4/6/12,2.415
1/6/12,2.326
31/5/12,2.422
30/5/12,2.418
29/5/12,2.429
25/5/12,2.568
24/5/12,2.647
23/5/12,2.737
22/5/12,2.707
21/5/12,2.609
18/5/12,2.742
17/5/12,2.594
16/5/12,2.618
15/5/12,2.5
14/5/12,2.431
11/5/12,2.509
10/5/12,2.487
9/5/12,2.465
8/5/12,2.393
7/5/12,2.336
4/5/12,2.279
3/5/12,2.34
2/5/12,2.253
1/5/12,2.371
30/4/12,2.285
27/4/12,2.186
26/4/12,2.036
25/4/12,2.068
24/4/12,1.975
23/4/12,2.007
20/4/12,1.927
19/4/12,1.907
18/4/12,1.951
17/4/12,1.951
16/4/12,2.016
13/4/12,1.981
12/4/12,1.983
11/4/12,1.984
10/4/12,2.031
9/4/12,2.107
5/4/12,2.089
4/4/12,2.141
3/4/12,2.187
2/4/12,2.152
30/3/12,2.126
29/3/12,2.149
28/3/12,2.191
27/3/12,2.208
26/3/12,2.226
23/3/12,2.275
22/3/12,2.269
21/3/12,2.36
20/3/12,2.335
19/3/12,2.351
16/3/12,2.326
15/3/12,2.279
14/3/12,2.284
13/3/12,2.299
12/3/12,2.269
9/3/12,2.324
8/3/12,2.272
7/3/12,2.302
6/3/12,2.356
5/3/12,2.355
2/3/12,2.484
1/3/12,2.463
29/2/12,2.616
28/2/12,2.519
27/2/12,2.446
24/2/12,2.55
23/2/12,2.621
22/2/12,2.643
21/2/12,2.626
17/2/12,2.684
16/2/12,2.567
15/2/12,2.425
14/2/12,2.532
13/2/12,2.431
10/2/12,2.477
9/2/12,2.477
8/2/12,2.448
7/2/12,2.472
6/2/12,2.55
3/2/12,2.499
2/2/12,2.554
1/2/12,2.382
31/1/12,2.503
30/1/12,2.713
27/1/12,2.678
26/1/12,2.605
25/1/12,2.729
24/1/12,2.554
23/1/12,2.525
20/1/12,2.343
19/1/12,2.322
18/1/12,2.472
17/1/12,2.488
13/1/12,2.67
12/1/12,2.697
11/1/12,2.774
10/1/12,2.941
9/1/12,3.011
6/1/12,3.062
5/1/12,2.98
4/1/12,3.096
3/1/12,2.993
30/12/11,2.989
29/12/11,3.027
28/12/11,3.084
27/12/11,3.112
23/12/11,3.114
22/12/11,3.169
21/12/11,3.155
20/12/11,3.128
19/12/11,3.096
16/12/11,3.127
15/12/11,3.127
14/12/11,3.136
13/12/11,3.279
12/12/11,3.254
9/12/11,3.317
8/12/11,3.457
7/12/11,3.421
6/12/11,3.487
5/12/11,3.461
2/12/11,3.584
1/12/11,3.648
30/11/11,3.55
29/11/11,3.633
28/11/11,3.364
25/11/11,3.542
23/11/11,3.46
22/11/11,3.415
21/11/11,3.399
18/11/11,3.316
17/11/11,3.41
16/11/11,3.344
15/11/11,3.404
14/11/11,3.458
11/11/11,3.584
10/11/11,3.649
9/11/11,3.652
8/11/11,3.745
7/11/11,3.696
4/11/11,3.783
3/11/11,3.778
2/11/11,3.749
1/11/11,3.781
31/10/11,3.934
28/10/11,3.923
27/10/11,3.524
26/10/11,3.59
25/10/11,3.658
24/10/11,3.604
21/10/11,3.629
20/10/11,3.63
19/10/11,3.586
18/10/11,3.553
17/10/11,3.688
14/10/11,3.703
13/10/11,3.531
12/10/11,3.489
11/10/11,3.616
10/10/11,3.541
7/10/11,3.481
6/10/11,3.598
5/10/11,3.57
4/10/11,3.638
3/10/11,3.617
30/9/11,3.666
29/9/11,3.747
28/9/11,3.759
27/9/11,3.827
26/9/11,3.782
23/9/11,3.701
22/9/11,3.705
21/9/11,3.73
20/9/11,3.798
19/9/11,3.829
16/9/11,3.809
15/9/11,3.878
14/9/11,4.039
13/9/11,3.98
12/9/11,3.885
9/9/11,3.915
8/9/11,3.98
7/9/11,3.94
6/9/11,3.938
2/9/11,3.872
1/9/11,4.05
31/8/11,4.054
30/8/11,3.909
29/8/11,3.857
26/8/11,3.931
25/8/11,3.931
24/8/11,3.922
23/8/11,3.993
22/8/11,3.889
19/8/11,3.94
18/8/11,3.892
17/8/11,3.933
16/8/11,3.932
15/8/11,4.024
12/8/11,4.06
11/8/11,4.108
10/8/11,4.003
9/8/11,3.994
8/8/11,3.935
5/8/11,3.941
4/8/11,3.941
3/8/11,4.09
2/8/11,4.155
1/8/11,4.188
29/7/11,4.145
28/7/11,4.244
27/7/11,4.37
26/7/11,4.37
25/7/11,4.386
22/7/11,4.399
21/7/11,4.395
20/7/11,4.5
19/7/11,4.533
18/7/11,4.546
15/7/11,4.546
14/7/11,4.378
13/7/11,4.403
12/7/11,4.333
11/7/11,4.288
8/7/11,4.205
7/7/11,4.133
6/7/11,4.217
5/7/11,4.363
1/7/11,4.311
30/6/11,4.374
29/6/11,4.315
28/6/11,4.357
27/6/11,4.256
24/6/11,4.229
23/6/11,4.193
22/6/11,4.317
21/6/11,4.388
20/6/11,4.317
17/6/11,4.325
16/6/11,4.412
15/6/11,4.577
14/6/11,4.581
13/6/11,4.646
10/6/11,4.757
9/6/11,4.674
8/6/11,4.847
7/6/11,4.831
6/6/11,4.827
3/6/11,4.707
2/6/11,4.794
1/6/11,4.629
31/5/11,4.666
27/5/11,4.518
26/5/11,4.326
25/5/11,4.379
24/5/11,4.345
23/5/11,4.346
20/5/11,4.23
19/5/11,4.094
18/5/11,4.198
17/5/11,4.182
16/5/11,4.318
13/5/11,4.246
12/5/11,4.194
11/5/11,4.181
10/5/11,4.246
9/5/11,4.154
6/5/11,4.235
5/5/11,4.261
4/5/11,4.577
3/5/11,4.67
2/5/11,4.693
29/4/11,4.698
28/4/11,4.571
27/4/11,4.377
26/4/11,4.387
25/4/11,4.389
21/4/11,4.412
20/4/11,4.31
19/4/11,4.262
18/4/11,4.138
15/4/11,4.204
14/4/11,4.212
13/4/11,4.141
12/4/11,4.098
11/4/11,4.108
8/4/11,4.041
7/4/11,4.057
6/4/11,4.146
5/4/11,4.231
4/4/11,4.289
1/4/11,4.362
31/3/11,4.389
30/3/11,4.355
29/3/11,4.24
28/3/11,4.374
25/3/11,4.403
24/3/11,4.244
23/3/11,4.335
22/3/11,4.254
21/3/11,4.161
18/3/11,4.168
17/3/11,4.158
16/3/11,3.938
15/3/11,3.941
14/3/11,3.914
11/3/11,3.889
10/3/11,3.83
9/3/11,3.93
8/3/11,3.864
7/3/11,3.927
4/3/11,3.809
3/3/11,3.778
2/3/11,3.818
1/3/11,3.873
28/2/11,4.037
25/2/11,4.005
24/2/11,3.793
23/2/11,3.9
22/2/11,3.867
18/2/11,3.876
17/2/11,3.868
16/2/11,3.921
15/2/11,3.976
14/2/11,3.925
11/2/11,3.91
10/2/11,3.986
9/2/11,4.044
8/2/11,4.04
7/2/11,4.104
4/2/11,4.31
3/2/11,4.337
2/2/11,4.429
1/2/11,4.347
31/1/11,4.42
28/1/11,4.323
27/1/11,4.316
26/1/11,4.491
25/1/11,4.473
24/1/11,4.58
21/1/11,4.736
20/1/11,4.695
19/1/11,4.561
18/1/11,4.425
14/1/11,4.48
13/1/11,4.407
12/1/11,4.531
11/1/11,4.481
10/1/11,4.399
7/1/11,4.422
6/1/11,4.434
5/1/11,4.473
4/1/11,4.669
3/1/11,4.65
31/12/10,4.405
30/12/10,4.338
29/12/10,4.287
28/12/10,4.216
27/12/10,4.112
23/12/10,4.083
22/12/10,4.152
21/12/10,4.059
20/12/10,4.237
17/12/10,4.066
16/12/10,4.048
15/12/10,4.222
14/12/10,4.255
13/12/10,4.42
10/12/10,4.417
9/12/10,4.435
8/12/10,4.606
7/12/10,4.393
6/12/10,4.488
3/12/10,4.349
2/12/10,4.343
1/12/10,4.269
30/11/10,4.18
29/11/10,4.21
26/11/10,4.399
24/11/10,4.267
23/11/10,4.264
22/11/10,4.271
19/11/10,4.164
18/11/10,4.007
17/11/10,4.03
16/11/10,3.818
15/11/10,3.845
12/11/10,3.799
11/11/10,3.927
10/11/10,4.046
9/11/10,4.21
8/11/10,4.088
5/11/10,3.937
4/11/10,3.856
3/11/10,3.836
2/11/10,3.87
1/11/10,3.832
29/10/10,4.038
28/10/10,3.89
27/10/10,3.292
26/10/10,3.354
25/10/10,3.317
22/10/10,3.332
21/10/10,3.368
20/10/10,3.539
19/10/10,3.513
18/10/10,3.431
15/10/10,3.535
14/10/10,3.657
13/10/10,3.696
12/10/10,3.629
11/10/10,3.601
8/10/10,3.651
7/10/10,3.617
6/10/10,3.865
5/10/10,3.743
4/10/10,3.727
1/10/10,3.797
30/9/10,3.872
29/9/10,3.962
28/9/10,3.837
27/9/10,3.8
24/9/10,3.881
23/9/10,4.019
22/9/10,3.966
21/9/10,3.919
20/9/10,3.822
17/9/10,4.024
16/9/10,4.062
15/9/10,3.995
14/9/10,3.966
13/9/10,3.938
10/9/10,3.883
9/9/10,3.768
8/9/10,3.814
7/9/10,3.852
3/9/10,3.939
2/9/10,3.751
1/9/10,3.762
31/8/10,3.816
30/8/10,3.812
27/8/10,3.651
26/8/10,3.817
25/8/10,3.871
24/8/10,4.039
23/8/10,4.066
20/8/10,4.117
19/8/10,4.171
18/8/10,4.239
17/8/10,4.267
16/8/10,4.228
13/8/10,4.328
12/8/10,4.296
11/8/10,4.326
10/8/10,4.297
9/8/10,4.309
6/8/10,4.467
5/8/10,4.598
4/8/10,4.737
3/8/10,4.639
2/8/10,4.701
30/7/10,4.923
29/7/10,4.827
28/7/10,4.774
27/7/10,4.675
26/7/10,4.612
23/7/10,4.58
22/7/10,4.643
21/7/10,4.513
20/7/10,4.59
19/7/10,4.51
16/7/10,4.519
15/7/10,4.586
14/7/10,4.306
13/7/10,4.354
12/7/10,4.388
9/7/10,4.402
8/7/10,4.399
7/7/10,4.565
6/7/10,4.682
2/7/10,4.687
1/7/10,4.854
30/6/10,4.616
29/6/10,4.548
28/6/10,4.717
25/6/10,4.861
24/6/10,4.748
23/6/10,4.804
22/6/10,4.756
21/6/10,4.873
18/6/10,4.997
17/6/10,5.162
16/6/10,4.978
15/6/10,5.189
14/6/10,5.006
11/6/10,4.781
10/6/10,4.647
9/6/10,4.677
8/6/10,4.808
7/6/10,4.916
4/6/10,4.797
3/6/10,4.69
2/6/10,4.424
1/6/10,4.248
28/5/10,4.341
27/5/10,4.294
26/5/10,4.155
25/5/10,4.051
24/5/10,4.017
21/5/10,4.035
20/5/10,4.106
19/5/10,4.158
18/5/10,4.342
17/5/10,4.398
14/5/10,4.312
13/5/10,4.339
12/5/10,4.284
11/5/10,4.131
10/5/10,4.17
7/5/10,4.015
6/5/10,3.929
5/5/10,3.991
4/5/10,4.013
3/5/10,4.0
30/4/10,3.92
29/4/10,3.98
28/4/10,4.271
27/4/10,4.216
26/4/10,4.262
23/4/10,4.257
22/4/10,4.128
21/4/10,3.955
20/4/10,3.975
19/4/10,3.944
16/4/10,4.039
15/4/10,3.985
14/4/10,4.199
13/4/10,4.16
12/4/10,4.008
9/4/10,4.07
8/4/10,3.909
7/4/10,4.019
6/4/10,4.096
5/4/10,4.277
1/4/10,4.086
31/3/10,3.869
30/3/10,3.973
29/3/10,3.842
26/3/10,3.872
25/3/10,3.981
24/3/10,4.105
23/3/10,4.13
22/3/10,4.079
19/3/10,4.169
18/3/10,4.085
17/3/10,4.303
16/3/10,4.347
15/3/10,4.391
12/3/10,4.4
11/3/10,4.44
10/3/10,4.559
9/3/10,4.516
8/3/10,4.527
5/3/10,4.593
4/3/10,4.575
3/3/10,4.757
2/3/10,4.708
1/3/10,4.679
26/2/10,4.813
25/2/10,4.767
24/2/10,4.816
23/2/10,4.778
22/2/10,4.895
19/2/10,5.044
18/2/10,5.172
17/2/10,5.386
16/2/10,5.31
12/2/10,5.468
11/2/10,5.396
10/2/10,5.292
9/2/10,5.29
8/2/10,5.401
5/2/10,5.515
4/2/10,5.416
3/2/10,5.419
2/2/10,5.454
1/2/10,5.434
29/1/10,5.131
28/1/10,5.138
27/1/10,5.274
26/1/10,5.485
25/1/10,5.722
22/1/10,5.819
21/1/10,5.615
20/1/10,5.496
19/1/10,5.557
15/1/10,5.691
14/1/10,5.588
13/1/10,5.733
12/1/10,5.591
11/1/10,5.454
8/1/10,5.749
7/1/10,5.806
6/1/10,6.009
5/1/10,5.637
4/1/10,5.884
31/12/09,5.572
30/12/09,5.709
29/12/09,5.814
28/12/09,5.99
24/12/09,5.643
23/12/09,5.821
22/12/09,5.715
21/12/09,5.669
18/12/09,5.782
17/12/09,5.768
16/12/09,5.462
15/12/09,5.523
14/12/09,5.332
11/12/09,5.163
10/12/09,5.298
9/12/09,4.898
8/12/09,5.114
7/12/09,4.971
4/12/09,4.586
3/12/09,4.459
2/12/09,4.53
1/12/09,4.762
30/11/09,4.848
27/11/09,5.192
25/11/09,5.163
24/11/09,4.486
23/11/09,4.473
20/11/09,4.424
19/11/09,4.342
18/11/09,4.254
17/11/09,4.53
16/11/09,4.614
13/11/09,4.392
12/11/09,4.37
11/11/09,4.503
10/11/09,4.467
9/11/09,4.67
6/11/09,4.595
5/11/09,4.782
4/11/09,4.725
3/11/09,4.922
2/11/09,4.824
30/10/09,5.045
29/10/09,5.062
28/10/09,4.289
27/10/09,4.557
26/10/09,4.513
23/10/09,4.787
22/10/09,4.947
21/10/09,5.1
20/10/09,5.161
19/10/09,4.835
16/10/09,4.781
15/10/09,4.482
14/10/09,4.436
13/10/09,4.588
12/10/09,4.88
9/10/09,4.77
8/10/09,4.963
7/10/09,4.904
6/10/09,4.88
5/10/09,4.987
2/10/09,4.718
1/10/09,4.466
30/9/09,4.841
29/9/09,4.875
28/9/09,3.73
25/9/09,3.985
24/9/09,3.955
23/9/09,3.86
22/9/09,3.609
21/9/09,3.576
18/9/09,3.778
17/9/09,3.458
16/9/09,3.76
15/9/09,3.32
14/9/09,3.297
11/9/09,2.96
10/9/09,3.256
9/9/09,2.829
8/9/09,2.807
4/9/09,2.728
3/9/09,2.508
2/9/09,2.715
1/9/09,2.821
31/8/09,2.977
28/8/09,3.033
27/8/09,2.843
26/8/09,2.91
25/8/09,2.882
24/8/09,2.923
21/8/09,2.804
20/8/09,2.945
19/8/09,3.119
18/8/09,3.096
17/8/09,3.163
14/8/09,3.238
13/8/09,3.336
12/8/09,3.479
11/8/09,3.541
10/8/09,3.641
7/8/09,3.674
6/8/09,3.743
5/8/09,4.042
4/8/09,4.001
3/8/09,4.031
31/7/09,3.653
30/7/09,3.743
29/7/09,3.379
28/7/09,3.535
27/7/09,3.604
24/7/09,3.695
23/7/09,3.55
22/7/09,3.793
21/7/09,3.705
20/7/09,3.689
17/7/09,3.669
16/7/09,3.668
15/7/09,3.283
14/7/09,3.429
13/7/09,3.263
10/7/09,3.373
9/7/09,3.408
8/7/09,3.353
7/7/09,3.429
6/7/09,3.487
2/7/09,3.615
1/7/09,3.795
30/6/09,3.835
29/6/09,3.944
26/6/09,3.949
25/6/09,3.844
24/6/09,3.761
23/6/09,3.879
22/6/09,3.933
19/6/09,4.032
18/6/09,4.093
17/6/09,4.253
16/6/09,4.129
15/6/09,4.182
12/6/09,3.857
11/6/09,3.933
10/6/09,3.708
9/6/09,3.731
8/6/09,3.731
5/6/09,3.868
4/6/09,3.81
3/6/09,3.766
2/6/09,4.12
1/6/09,4.249
29/5/09,3.835
28/5/09,3.957
27/5/09,3.538
26/5/09,3.537
22/5/09,3.515
21/5/09,3.603
20/5/09,3.97
19/5/09,3.914
18/5/09,4.139
15/5/09,4.098
14/5/09,4.292
13/5/09,4.333
12/5/09,4.449
11/5/09,4.302
8/5/09,4.311
7/5/09,4.081
6/5/09,3.887
5/5/09,3.615
4/5/09,3.725
1/5/09,3.546
30/4/09,3.373
29/4/09,3.403
28/4/09,3.321
27/4/09,3.253
24/4/09,3.297
23/4/09,3.409
22/4/09,3.532
21/4/09,3.511
20/4/09,3.54
17/4/09,3.729
16/4/09,3.599
15/4/09,3.693
14/4/09,3.689
13/4/09,3.628
9/4/09,3.61
8/4/09,3.63
7/4/09,3.562
6/4/09,3.732
3/4/09,3.801
2/4/09,3.782
1/4/09,3.695
31/3/09,3.776
30/3/09,3.739
27/3/09,3.631
26/3/09,3.947
25/3/09,4.329
24/3/09,4.347
23/3/09,4.294
20/3/09,4.227
19/3/09,4.174
18/3/09,3.684
17/3/09,3.812
16/3/09,3.85
13/3/09,3.932
12/3/09,3.995
11/3/09,3.798
10/3/09,3.84
9/3/09,3.865
6/3/09,3.945
5/3/09,4.088
4/3/09,4.34
3/3/09,4.282
2/3/09,4.152
27/2/09,4.198
26/2/09,4.077
25/2/09,4.056
24/2/09,4.236
23/2/09,4.097
20/2/09,4.006
19/2/09,4.078
18/2/09,4.214
17/2/09,4.203
13/2/09,4.452
12/2/09,4.485
11/2/09,4.532
10/2/09,4.543
9/2/09,4.807
6/2/09,4.774
5/2/09,4.642
4/2/09,4.597
3/2/09,4.513
2/2/09,4.557
30/1/09,4.417
29/1/09,4.576
28/1/09,4.476
27/1/09,4.503
26/1/09,4.49
23/1/09,4.518
22/1/09,4.681
21/1/09,4.78
20/1/09,4.642
16/1/09,4.801
15/1/09,4.843
14/1/09,4.97
13/1/09,5.184
12/1/09,5.542
9/1/09,5.516
8/1/09,5.583
7/1/09,5.872
6/1/09,5.983
5/1/09,6.072
2/1/09,5.971
31/12/08,5.622
30/12/08,5.859
29/12/08,6.136
26/12/08,5.826
24/12/08,5.91
23/12/08,5.737
22/12/08,5.294
19/12/08,5.334
18/12/08,5.548
17/12/08,5.619
16/12/08,5.751
15/12/08,5.645
12/12/08,5.488
11/12/08,5.598
10/12/08,5.686
9/12/08,5.579
8/12/08,5.566
5/12/08,5.742
4/12/08,6.017
3/12/08,6.347
2/12/08,6.424
1/12/08,6.604
28/11/08,6.51
26/11/08,6.878
25/11/08,6.386
24/11/08,6.888
21/11/08,6.48
20/11/08,6.316
19/11/08,6.743
18/11/08,6.516
17/11/08,6.533
14/11/08,6.312
13/11/08,6.318
12/11/08,6.405
11/11/08,6.705
10/11/08,7.248
7/11/08,6.757
6/11/08,6.979
5/11/08,7.249
4/11/08,7.219
3/11/08,6.838
31/10/08,6.783
30/10/08,6.431
29/10/08,6.469
28/10/08,6.186
27/10/08,6.121
24/10/08,6.239
23/10/08,6.419
22/10/08,6.777
21/10/08,6.844
20/10/08,6.741
17/10/08,6.786
16/10/08,6.703
15/10/08,6.592
14/10/08,6.727
13/10/08,6.688
10/10/08,6.535
9/10/08,6.825
8/10/08,6.742
7/10/08,6.768
6/10/08,6.835
3/10/08,7.358
2/10/08,7.481
1/10/08,7.728
30/9/08,7.438
29/9/08,7.221
26/9/08,7.472
25/9/08,7.724
24/9/08,7.679
23/9/08,7.931
22/9/08,7.658
19/9/08,7.531
18/9/08,7.621
17/9/08,7.91
16/9/08,7.279
15/9/08,7.374
12/9/08,7.366
11/9/08,7.248
10/9/08,7.393
9/9/08,7.535
8/9/08,7.527
5/9/08,7.449
4/9/08,7.322
3/9/08,7.264
2/9/08,7.261
29/8/08,7.943
28/8/08,8.05
27/8/08,8.394
26/8/08,8.278
25/8/08,7.825
22/8/08,7.843
21/8/08,8.252
20/8/08,8.077
19/8/08,7.976
18/8/08,7.888
15/8/08,8.092
14/8/08,8.136
13/8/08,8.456
12/8/08,8.33
11/8/08,8.349
8/8/08,8.248
7/8/08,8.571
6/8/08,8.773
5/8/08,8.726
4/8/08,8.726
1/8/08,9.389
31/7/08,9.119
30/7/08,9.248
29/7/08,9.217
28/7/08,9.163
25/7/08,9.084
24/7/08,9.323
23/7/08,9.788
22/7/08,10.067
21/7/08,10.51
18/7/08,10.57
17/7/08,10.537
16/7/08,11.398
15/7/08,11.477
14/7/08,11.959
11/7/08,11.904
10/7/08,12.3
9/7/08,12.006
8/7/08,12.368
7/7/08,12.977
3/7/08,13.577
2/7/08,13.389
1/7/08,13.505
30/6/08,13.353
27/6/08,13.198
26/6/08,13.105
25/6/08,12.753
24/6/08,13.011
23/6/08,13.203
20/6/08,12.994
19/6/08,12.861
18/6/08,13.21
17/6/08,12.952
16/6/08,12.933
13/6/08,12.625
12/6/08,12.798
11/6/08,12.66
10/6/08,12.435
9/6/08,12.604
6/6/08,12.693
5/6/08,12.519
4/6/08,12.379
3/6/08,12.221
2/6/08,11.969
30/5/08,11.703
29/5/08,11.474
28/5/08,11.916
27/5/08,11.801
23/5/08,11.857
22/5/08,11.697
21/5/08,11.64
20/5/08,11.365
19/5/08,10.954
16/5/08,11.094
15/5/08,11.399
14/5/08,11.598
13/5/08,11.422
12/5/08,11.301
9/5/08,11.537
8/5/08,11.263
7/5/08,11.327
6/5/08,11.15
5/5/08,11.178
2/5/08,10.777
1/5/08,10.561
30/4/08,10.843
29/4/08,10.842
28/4/08,11.28
25/4/08,10.963
24/4/08,10.79
23/4/08,10.781
22/4/08,10.607
21/4/08,10.733
18/4/08,10.587
17/4/08,10.383
16/4/08,10.433
15/4/08,10.205
14/4/08,10.053
11/4/08,9.901
10/4/08,10.098
9/4/08,10.056
8/4/08,9.697
7/4/08,9.791
4/4/08,9.322
3/4/08,9.417
2/4/08,9.832
1/4/08,9.724
31/3/08,10.101
28/3/08,9.8
27/3/08,9.578
26/3/08,9.572
25/3/08,9.419
24/3/08,9.329
20/3/08,9.065
19/3/08,9.024
18/3/08,9.414
17/3/08,9.1
14/3/08,9.868
13/3/08,10.23
12/3/08,10.011
11/3/08,10.0
10/3/08,10.024
7/3/08,9.769
6/3/08,9.742
5/3/08,9.741
4/3/08,9.353
3/3/08,9.346
29/2/08,9.366
28/2/08,9.443
27/2/08,8.93
26/2/08,9.206
25/2/08,9.186
22/2/08,9.146
21/2/08,8.891
20/2/08,8.965
19/2/08,8.977
15/2/08,8.66
14/2/08,8.772
13/2/08,8.388
12/2/08,8.436
11/2/08,8.531
8/2/08,8.301
7/2/08,8.102
6/2/08,7.994
5/2/08,7.942
4/2/08,7.869
1/2/08,7.74
31/1/08,8.074
30/1/08,8.045
29/1/08,7.996
28/1/08,8.095
25/1/08,7.983
24/1/08,7.802
23/1/08,7.621
22/1/08,7.67
18/1/08,7.993
17/1/08,8.081
16/1/08,8.133
15/1/08,8.196
14/1/08,8.353
11/1/08,8.21
10/1/08,8.259
9/1/08,8.099
8/1/08,7.967
7/1/08,7.879
4/1/08,7.841
3/1/08,7.674
2/1/08,7.85
31/12/07,7.483
28/12/07,7.386
27/12/07,7.172
26/12/07,7.046
24/12/07,7.025
21/12/07,7.19
20/12/07,7.137
19/12/07,7.179
18/12/07,7.141
17/12/07,7.035
14/12/07,7.025
13/12/07,7.193
12/12/07,7.408
11/12/07,7.085
10/12/07,7.032
7/12/07,7.155
6/12/07,7.33
5/12/07,7.185
4/12/07,7.155
3/12/07,7.214
30/11/07,7.302
29/11/07,7.452
28/11/07,7.203
27/11/07,7.557
26/11/07,7.723
23/11/07,7.7
21/11/07,7.55
20/11/07,7.477
19/11/07,7.787
16/11/07,8.001
15/11/07,7.7
14/11/07,7.835
13/11/07,7.949
12/11/07,7.961
9/11/07,7.897
8/11/07,7.713
7/11/07,7.624
6/11/07,7.863
5/11/07,7.999
2/11/07,8.418
1/11/07,8.637
31/10/07,8.33
30/10/07,8.021
29/10/07,7.269
26/10/07,7.218
25/10/07,7.188
24/10/07,6.972
23/10/07,6.761
22/10/07,6.891
19/10/07,7.041
18/10/07,7.374
17/10/07,7.458
16/10/07,7.367
15/10/07,7.445
12/10/07,6.974
11/10/07,6.876
10/10/07,7.01
9/10/07,6.863
8/10/07,6.846
5/10/07,7.073
4/10/07,7.412
3/10/07,7.277
2/10/07,7.427
1/10/07,7.05
28/9/07,6.87
27/9/07,6.919
26/9/07,6.423
25/9/07,6.36
24/9/07,6.37
21/9/07,6.08
20/9/07,6.008
19/9/07,6.18
18/9/07,6.568
17/9/07,6.653
14/9/07,6.279
13/9/07,6.029
12/9/07,6.438
11/9/07,5.934
10/9/07,5.891
7/9/07,5.501
6/9/07,5.65
5/9/07,5.805
4/9/07,5.629
31/8/07,5.468
30/8/07,5.635
29/8/07,5.43
28/8/07,5.593
27/8/07,5.38
24/8/07,5.523
23/8/07,5.622
22/8/07,5.578
21/8/07,5.817
20/8/07,6.04
17/8/07,7.01
16/8/07,6.875
15/8/07,6.864
14/8/07,6.94
13/8/07,6.794
10/8/07,6.82
9/8/07,6.586
8/8/07,6.22
7/8/07,6.201
6/8/07,6.208
3/8/07,6.09
2/8/07,6.106
1/8/07,6.352
31/7/07,6.191
30/7/07,6.499
27/7/07,6.11
26/7/07,5.943
25/7/07,5.925
24/7/07,5.863
23/7/07,6.039
20/7/07,6.446
19/7/07,6.706
18/7/07,6.528
17/7/07,6.307
16/7/07,6.376
13/7/07,6.662
12/7/07,6.497
11/7/07,6.6
10/7/07,6.699
9/7/07,6.41
6/7/07,6.444
5/7/07,6.618
3/7/07,6.754
2/7/07,6.764
29/6/07,6.773
28/6/07,6.655
27/6/07,6.929
26/6/07,6.877
25/6/07,6.94
22/6/07,7.13
21/6/07,7.348
20/6/07,7.391
19/6/07,7.519
18/6/07,7.69
15/6/07,7.918
14/6/07,7.808
13/6/07,7.608
12/6/07,7.682
11/6/07,7.608
8/6/07,7.663
7/6/07,7.825
6/6/07,8.08
5/6/07,8.064
4/6/07,8.191
1/6/07,7.878
31/5/07,7.935
30/5/07,7.941
29/5/07,7.591
25/5/07,7.64
24/5/07,7.681
23/5/07,7.757
22/5/07,7.801
21/5/07,7.913
18/5/07,7.944
17/5/07,8.075
16/5/07,7.89
15/5/07,7.864
14/5/07,7.952
11/5/07,7.899
10/5/07,7.726
9/5/07,7.72
8/5/07,7.637
7/5/07,7.779
4/5/07,7.938
3/5/07,7.947
2/5/07,7.73
1/5/07,7.718
30/4/07,7.863
27/4/07,7.831
26/4/07,7.508
25/4/07,7.689
24/4/07,7.598
23/4/07,7.562
20/4/07,7.381
19/4/07,7.492
18/4/07,7.497
17/4/07,7.418
16/4/07,7.53
13/4/07,7.801
12/4/07,7.924
11/4/07,7.855
10/4/07,7.869
9/4/07,7.546
5/4/07,7.607
4/4/07,7.515
3/4/07,7.426
2/4/07,7.671
30/3/07,7.73
29/3/07,7.609
28/3/07,7.558
27/3/07,7.503
26/3/07,7.254
23/3/07,7.269
22/3/07,7.32
21/3/07,7.16
20/3/07,6.91
19/3/07,6.847
16/3/07,6.924
15/3/07,6.959
14/3/07,7.083
13/3/07,6.892
12/3/07,6.912
9/3/07,7.083
8/3/07,7.239
7/3/07,7.366
6/3/07,7.472
5/3/07,7.254
2/3/07,7.243
1/3/07,7.288
28/2/07,7.3
27/2/07,7.533
26/2/07,7.547
23/2/07,7.755
22/2/07,7.727
21/2/07,7.646
20/2/07,7.585
16/2/07,7.503
15/2/07,7.292
14/2/07,7.241
13/2/07,7.367
12/2/07,7.226
9/2/07,7.827
8/2/07,7.871
7/2/07,7.709
6/2/07,7.616
5/2/07,7.634
2/2/07,7.476
1/2/07,7.53
31/1/07,7.667
30/1/07,7.74
29/1/07,6.917
26/1/07,7.175
25/1/07,6.905
24/1/07,7.421
23/1/07,7.597
22/1/07,7.319
19/1/07,6.886
18/1/07,6.324
17/1/07,6.234
16/1/07,6.638
12/1/07,6.601
11/1/07,6.292
10/1/07,6.755
9/1/07,6.631
8/1/07,6.378
5/1/07,6.184
4/1/07,6.162
3/1/07,6.163
29/12/06,6.299
28/12/06,6.248
27/12/06,5.838
26/12/06,6.113
22/12/06,6.635
21/12/06,6.8
20/12/06,6.769
19/12/06,7.083
18/12/06,7.075
15/12/06,7.409
14/12/06,7.555
13/12/06,7.673
12/12/06,7.43
11/12/06,7.427
8/12/06,7.561
7/12/06,7.671
6/12/06,7.727
5/12/06,7.685
4/12/06,7.806
1/12/06,8.422
30/11/06,8.844
29/11/06,8.871
28/11/06,8.318
27/11/06,7.998
24/11/06,7.718
22/11/06,7.718
21/11/06,7.988
20/11/06,8.019
17/11/06,8.179
16/11/06,7.755
15/11/06,8.12
14/11/06,7.977
13/11/06,7.894
10/11/06,7.794
9/11/06,7.955
8/11/06,7.823
7/11/06,7.755
6/11/06,7.49
3/11/06,7.884
2/11/06,7.814
1/11/06,7.712
31/10/06,7.534
30/10/06,7.416
27/10/06,7.153
26/10/06,7.497
25/10/06,7.693
24/10/06,7.091
23/10/06,6.881
20/10/06,7.241
19/10/06,7.132
18/10/06,6.807
17/10/06,6.442
16/10/06,6.444
13/10/06,5.659
12/10/06,5.782
11/10/06,6.15
10/10/06,6.466
9/10/06,6.429
6/10/06,6.427
5/10/06,6.298
4/10/06,5.995
3/10/06,5.759
2/10/06,5.643
29/9/06,5.62
28/9/06,5.392
27/9/06,4.201
26/9/06,4.526
25/9/06,4.475
22/9/06,4.627
21/9/06,4.781
20/9/06,4.931
19/9/06,5.006
18/9/06,4.942
15/9/06,4.982
14/9/06,4.892
13/9/06,5.449
12/9/06,5.574
11/9/06,5.67
8/9/06,5.675
7/9/06,5.718
6/9/06,5.994
5/9/06,6.039
1/9/06,5.877
31/8/06,6.048
30/8/06,6.29
29/8/06,6.816
28/8/06,6.472
25/8/06,7.157
24/8/06,7.079
23/8/06,6.875
22/8/06,7.008
21/8/06,6.624
18/8/06,6.731
17/8/06,6.689
16/8/06,6.766
15/8/06,6.861
14/8/06,6.913
11/8/06,7.269
10/8/06,7.529
9/8/06,7.651
8/8/06,7.158
7/8/06,6.907
4/8/06,7.246
3/8/06,7.292
2/8/06,7.799
1/8/06,7.574
31/7/06,8.211
28/7/06,7.184
27/7/06,7.042
26/7/06,6.887
25/7/06,6.409
24/7/06,6.605
21/7/06,6.139
20/7/06,6.091
19/7/06,5.862
18/7/06,5.555
17/7/06,5.783
14/7/06,6.347
13/7/06,6.129
12/7/06,5.782
11/7/06,5.633
10/7/06,5.608
7/7/06,5.523
6/7/06,5.664
5/7/06,5.765
3/7/06,6.104
30/6/06,6.104
29/6/06,6.135
28/6/06,5.887
27/6/06,6.107
26/6/06,5.969
23/6/06,6.226
22/6/06,6.439
21/6/06,6.588
20/6/06,6.502
19/6/06,6.893
16/6/06,7.185
15/6/06,7.207
14/6/06,6.59
13/6/06,6.163
12/6/06,6.224
9/6/06,6.172
8/6/06,6.191
7/6/06,5.974
6/6/06,6.385
5/6/06,6.463
2/6/06,6.623
1/6/06,6.448
31/5/06,6.384
30/5/06,6.123
26/5/06,5.925
25/5/06,5.975
24/5/06,5.964
23/5/06,6.258
22/5/06,6.276
19/5/06,5.962
18/5/06,5.997
17/5/06,6.129
16/5/06,6.252
15/5/06,6.123
12/5/06,6.28
11/5/06,6.649
10/5/06,6.9
9/5/06,6.581
8/5/06,6.696
5/5/06,6.775
4/5/06,6.906
3/5/06,6.606
2/5/06,6.746
1/5/06,6.695
28/4/06,6.555
27/4/06,6.805
26/4/06,7.198
25/4/06,7.254
24/4/06,7.558
21/4/06,7.981
20/4/06,8.064
19/4/06,8.192
18/4/06,8.008
17/4/06,7.577
13/4/06,7.135
12/4/06,6.808
11/4/06,6.908
10/4/06,6.882
7/4/06,6.743
6/4/06,6.972
5/4/06,7.069
4/4/06,7.065
3/4/06,7.244
31/3/06,7.21
30/3/06,7.487
29/3/06,7.233
28/3/06,7.214
27/3/06,7.067
24/3/06,7.29
23/3/06,7.328
22/3/06,6.953
21/3/06,6.868
20/3/06,6.835
17/3/06,7.053
16/3/06,7.267
15/3/06,7.143
14/3/06,7.167
13/3/06,7.007
10/3/06,6.646
9/3/06,6.601
8/3/06,6.648
7/3/06,6.678
6/3/06,6.547
3/3/06,6.79
2/3/06,6.76
1/3/06,6.733
28/2/06,6.714
27/2/06,6.789
24/2/06,7.112
23/2/06,7.458
22/2/06,7.283
21/2/06,7.731
17/2/06,7.182
16/2/06,7.134
15/2/06,7.066
14/2/06,7.114
13/2/06,7.243
10/2/06,7.316
9/2/06,7.479
8/2/06,7.735
7/2/06,7.858
6/2/06,7.995
3/2/06,8.613
2/2/06,8.347
1/2/06,8.723
31/1/06,9.316
30/1/06,9.389
27/1/06,8.4
26/1/06,8.229
25/1/06,8.46
24/1/06,8.682
23/1/06,8.574
20/1/06,9.28
19/1/06,8.905
18/1/06,8.694
17/1/06,9.168
13/1/06,8.791
12/1/06,8.943
11/1/06,9.238
10/1/06,9.336
9/1/06,9.36
6/1/06,9.632
5/1/06,9.499
4/1/06,10.197
3/1/06,10.626
30/12/05,11.225
29/12/05,11.223
28/12/05,11.431
27/12/05,11.022
23/12/05,12.283
22/12/05,12.923
21/12/05,14.271
20/12/05,14.08
19/12/05,14.043
16/12/05,13.633
15/12/05,13.781
14/12/05,14.679
13/12/05,15.378
12/12/05,14.841
9/12/05,14.312
8/12/05,14.994
7/12/05,13.7
6/12/05,13.489
5/12/05,13.66
2/12/05,13.931
1/12/05,13.027
30/11/05,12.587
29/11/05,11.736
28/11/05,11.18
23/11/05,11.62
22/11/05,11.614
21/11/05,11.331
18/11/05,11.414
17/11/05,11.942
16/11/05,12.329
15/11/05,11.563
14/11/05,11.607
11/11/05,11.712
10/11/05,11.38
9/11/05,11.669
8/11/05,11.793
7/11/05,11.873
4/11/05,11.415
3/11/05,11.689
2/11/05,11.604
1/11/05,11.86
31/10/05,12.205
28/10/05,13.055
27/10/05,13.832
26/10/05,14.04
25/10/05,14.338
24/10/05,13.004
21/10/05,12.872
20/10/05,12.977
19/10/05,13.549
18/10/05,13.421
17/10/05,13.887
14/10/05,13.219
13/10/05,13.103
12/10/05,13.524
11/10/05,13.519
10/10/05,12.975
7/10/05,13.226
6/10/05,13.375
5/10/05,14.183
4/10/05,14.224
3/10/05,14.017
30/9/05,13.921
29/9/05,14.196
28/9/05,13.907
27/9/05,12.656
26/9/05,12.44
23/9/05,12.324
22/9/05,12.79
21/9/05,12.594
20/9/05,12.492
19/9/05,12.663
16/9/05,11.144
15/9/05,11.336
14/9/05,11.166
13/9/05,10.763
12/9/05,11.031
9/9/05,11.263
8/9/05,11.347
7/9/05,11.201
6/9/05,11.657
2/9/05,11.691
1/9/05,11.757
31/8/05,11.472
30/8/05,11.659
29/8/05,10.847
26/8/05,9.792
25/8/05,9.77
24/8/05,9.984
23/8/05,9.683
22/8/05,9.564
19/8/05,9.111
18/8/05,8.928
17/8/05,9.391
16/8/05,9.752
15/8/05,9.54
12/8/05,9.588
11/8/05,9.301
10/8/05,9.071
9/8/05,8.649
8/8/05,8.684
5/8/05,8.7
4/8/05,8.471
3/8/05,8.351
2/8/05,8.378
1/8/05,8.154
29/7/05,7.885
28/7/05,7.694
27/7/05,7.647
26/7/05,7.425
25/7/05,7.284
22/7/05,7.384
21/7/05,7.3
20/7/05,7.55
19/7/05,7.586
18/7/05,7.652
15/7/05,7.849
14/7/05,7.844
13/7/05,7.9
12/7/05,7.885
11/7/05,7.495
8/7/05,7.472
7/7/05,7.398
6/7/05,7.688
5/7/05,7.475
1/7/05,7.171
30/6/05,6.981
29/6/05,7.087
28/6/05,6.976
27/6/05,7.138
24/6/05,7.36
23/6/05,7.473
22/6/05,7.442
21/6/05,7.474
20/6/05,7.67
17/6/05,7.69
16/6/05,7.613
15/6/05,7.441
14/6/05,7.228
13/6/05,7.26
10/6/05,6.932
9/6/05,7.045
8/6/05,7.0
7/6/05,7.127
6/6/05,7.122
3/6/05,6.88
2/6/05,6.819
1/6/05,6.789
31/5/05,6.379
27/5/05,6.37
26/5/05,6.123
25/5/05,6.315
24/5/05,6.349
23/5/05,6.407
20/5/05,6.343
19/5/05,6.357
18/5/05,6.392
17/5/05,6.476
16/5/05,6.446
13/5/05,6.536
12/5/05,6.511
11/5/05,6.683
10/5/05,6.694
9/5/05,6.674
6/5/05,6.621
5/5/05,6.691
4/5/05,6.63
3/5/05,6.515
2/5/05,6.697
29/4/05,6.585
28/4/05,6.748
27/4/05,6.748
26/4/05,7.12
25/4/05,7.153
22/4/05,7.195
21/4/05,7.032
20/4/05,7.057
19/4/05,7.045
18/4/05,6.95
15/4/05,6.997
14/4/05,7.069
13/4/05,6.978
12/4/05,7.094
11/4/05,7.309
8/4/05,7.242
7/4/05,7.366
6/4/05,7.558
5/4/05,7.572
4/4/05,7.594
1/4/05,7.749
31/3/05,7.653
30/3/05,7.46
29/3/05,7.323
28/3/05,6.999
24/3/05,7.062
23/3/05,7.138
22/3/05,7.248
21/3/05,7.318
18/3/05,7.273
17/3/05,7.238
16/3/05,7.192
15/3/05,7.179
14/3/05,7.138
11/3/05,6.772
10/3/05,6.768
9/3/05,6.88
8/3/05,6.847
7/3/05,6.714
4/3/05,6.744
3/3/05,6.657
2/3/05,6.717
1/3/05,6.68
28/2/05,6.73
25/2/05,6.715
24/2/05,6.304
23/2/05,6.311
22/2/05,6.103
18/2/05,5.908
17/2/05,5.923
16/2/05,6.109
15/2/05,6.175
14/2/05,6.093
11/2/05,6.093
10/2/05,6.16
9/2/05,6.165
8/2/05,6.164
7/2/05,5.969
4/2/05,6.096
3/2/05,6.149
2/2/05,6.376
1/2/05,6.316
31/1/05,6.321
28/1/05,6.259
27/1/05,6.288
26/1/05,6.388
25/1/05,6.403
24/1/05,6.476
21/1/05,6.24
20/1/05,6.308
19/1/05,6.293
18/1/05,6.137
14/1/05,6.395
13/1/05,6.445
12/1/05,5.943
11/1/05,6.095
10/1/05,6.159
7/1/05,6.001
6/1/05,6.049
5/1/05,5.833
4/1/05,5.902
3/1/05,5.79
30/12/04,6.149
29/12/04,6.402
28/12/04,6.213
27/12/04,6.16
23/12/04,6.668
22/12/04,6.82
21/12/04,6.856
20/12/04,6.952
17/12/04,7.457
16/12/04,7.0
15/12/04,7.236
14/12/04,7.333
13/12/04,7.166
10/12/04,6.843
9/12/04,6.886
8/12/04,6.683
7/12/04,6.621
6/12/04,6.923
3/12/04,6.796
2/12/04,6.811
1/12/04,7.413
30/11/04,7.62
29/11/04,7.837
24/11/04,7.976
23/11/04,6.793
22/11/04,6.762
19/11/04,7.115
18/11/04,6.873
17/11/04,7.283
16/11/04,7.124
15/11/04,7.436
12/11/04,7.176
11/11/04,7.236
10/11/04,7.678
9/11/04,7.471
8/11/04,7.6
5/11/04,7.954
4/11/04,8.199
3/11/04,8.752
2/11/04,8.567
1/11/04,8.72
29/10/04,8.725
28/10/04,8.684
27/10/04,7.626
26/10/04,8.402
25/10/04,7.89
22/10/04,8.105
21/10/04,7.697
20/10/04,7.623
19/10/04,7.123
18/10/04,6.806
15/10/04,6.709
14/10/04,6.803
13/10/04,6.851
12/10/04,6.636
11/10/04,6.993
8/10/04,7.163
7/10/04,7.255
6/10/04,7.045
5/10/04,7.164
4/10/04,6.725
1/10/04,6.772
30/9/04,6.795
29/9/04,6.911
28/9/04,5.723
27/9/04,5.262
24/9/04,5.392
23/9/04,5.564
22/9/04,5.629
21/9/04,5.608
20/9/04,5.249
17/9/04,5.108
16/9/04,4.719
15/9/04,4.824
14/9/04,4.928
13/9/04,4.85
10/9/04,4.57
9/9/04,4.658
8/9/04,4.631
7/9/04,4.79
3/9/04,4.675
2/9/04,4.767
1/9/04,4.965
31/8/04,5.074
30/8/04,5.234
27/8/04,5.082
26/8/04,5.189
25/8/04,5.298
24/8/04,5.338
23/8/04,5.31
20/8/04,5.552
19/8/04,5.507
18/8/04,5.382
17/8/04,5.373
16/8/04,5.378
13/8/04,5.533
12/8/04,5.442
11/8/04,5.614
10/8/04,5.791
9/8/04,5.693
6/8/04,5.588
5/8/04,5.712
4/8/04,5.661
3/8/04,5.816
2/8/04,5.813
30/7/04,6.112
29/7/04,6.18
28/7/04,6.048
27/7/04,5.989
26/7/04,5.957
23/7/04,6.134
22/7/04,6.152
21/7/04,5.931
20/7/04,5.837
19/7/04,5.818
16/7/04,5.887
15/7/04,5.846
14/7/04,5.977
13/7/04,5.905
12/7/04,5.857
9/7/04,6.141
8/7/04,6.185
7/7/04,6.37
6/7/04,6.424
2/7/04,6.148
1/7/04,6.217
30/6/04,6.155
29/6/04,6.118
28/6/04,6.141
25/6/04,6.353
24/6/04,6.485
23/6/04,6.415
22/6/04,6.412
21/6/04,6.339
18/6/04,6.52
17/6/04,6.582
16/6/04,6.489
15/6/04,6.304
14/6/04,6.244
10/6/04,6.176
9/6/04,6.082
8/6/04,6.115
7/6/04,6.207
4/6/04,6.261
3/6/04,6.363
2/6/04,6.519
1/6/04,6.681
28/5/04,6.442
27/5/04,6.573
26/5/04,6.68
25/5/04,6.684
24/5/04,6.705
21/5/04,6.353
20/5/04,6.324
19/5/04,6.455
18/5/04,6.154
17/5/04,6.424
14/5/04,6.401
13/5/04,6.48
12/5/04,6.405
11/5/04,6.386
10/5/04,6.184
7/5/04,6.294
6/5/04,6.219
5/5/04,6.31
4/5/04,6.269
3/5/04,6.231
30/4/04,5.862
29/4/04,5.924
28/4/04,5.935
27/4/04,5.874
26/4/04,5.764
23/4/04,5.571
22/4/04,5.623
21/4/04,5.582
20/4/04,5.553
19/4/04,5.509
16/4/04,5.61
15/4/04,5.734
14/4/04,5.744
13/4/04,5.788
12/4/04,6.009
8/4/04,5.941
7/4/04,5.872
6/4/04,5.809
5/4/04,5.804
2/4/04,5.812
1/4/04,5.765
31/3/04,5.933
30/3/04,5.755
29/3/04,5.365
26/3/04,5.395
25/3/04,5.336
24/3/04,5.429
23/3/04,5.53
22/3/04,5.546
19/3/04,5.582
18/3/04,5.631
17/3/04,5.722
16/3/04,5.688
15/3/04,5.718
12/3/04,5.596
11/3/04,5.643
10/3/04,5.397
9/3/04,5.438
8/3/04,5.393
5/3/04,5.443
4/3/04,5.457
3/3/04,5.375
2/3/04,5.565
1/3/04,5.55
27/2/04,5.416
26/2/04,5.391
25/2/04,5.15
24/2/04,5.077
23/2/04,5.127
20/2/04,5.193
19/2/04,5.235
18/2/04,5.356
17/2/04,5.319
13/2/04,5.536
12/2/04,5.451
11/2/04,5.26
10/2/04,5.404
9/2/04,5.349
6/2/04,5.354
5/2/04,5.4
4/2/04,5.654
3/2/04,5.651
2/2/04,5.574
30/1/04,5.397
29/1/04,5.659
28/1/04,5.775
27/1/04,5.716
26/1/04,5.727
23/1/04,6.059
22/1/04,5.834
21/1/04,6.15
20/1/04,6.291
16/1/04,5.94
15/1/04,5.845
14/1/04,6.387
13/1/04,6.329
12/1/04,6.906
9/1/04,7.287
8/1/04,7.094
7/1/04,6.878
6/1/04,7.082
5/1/04,6.827
31/12/03,6.189
30/12/03,6.6
29/12/03,6.15
24/12/03,6.379
23/12/03,6.143
22/12/03,6.324
19/12/03,6.982
18/12/03,7.122
17/12/03,6.993
16/12/03,6.747
15/12/03,6.954
12/12/03,7.221
11/12/03,6.615
10/12/03,6.711
9/12/03,6.722
8/12/03,6.902
5/12/03,6.135
4/12/03,6.337
3/12/03,5.756
2/12/03,5.579
1/12/03,5.283
26/11/03,4.925
25/11/03,4.86
24/11/03,4.682
21/11/03,4.634
20/11/03,4.618
19/11/03,4.738
18/11/03,4.865
17/11/03,4.764
14/11/03,5.112
13/11/03,4.797
12/11/03,4.739
11/11/03,4.869
10/11/03,4.711
7/11/03,4.706
6/11/03,4.658
5/11/03,4.897
4/11/03,4.727
3/11/03,4.705
31/10/03,4.893
30/10/03,4.71
29/10/03,4.459
28/10/03,4.486
27/10/03,4.512
24/10/03,4.786
23/10/03,4.913
22/10/03,4.924
21/10/03,4.875
20/10/03,4.772
17/10/03,5.036
16/10/03,5.411
15/10/03,5.431
14/10/03,5.475
13/10/03,5.547
10/10/03,5.652
9/10/03,5.494
8/10/03,5.148
7/10/03,5.14
6/10/03,4.904
3/10/03,4.767
2/10/03,4.686
1/10/03,4.677
30/9/03,4.83
29/9/03,4.895
26/9/03,4.43
25/9/03,4.542
24/9/03,4.588
23/9/03,4.511
22/9/03,4.494
19/9/03,4.483
18/9/03,4.471
17/9/03,4.642
16/9/03,4.661
15/9/03,4.685
12/9/03,4.766
11/9/03,4.738
10/9/03,4.968
9/9/03,4.73
8/9/03,4.661
5/9/03,4.771
4/9/03,4.81
3/9/03,4.694
2/9/03,4.639
29/8/03,4.731
28/8/03,4.944
27/8/03,4.927
26/8/03,5.038
25/8/03,5.083
22/8/03,5.28
21/8/03,5.275
20/8/03,5.119
19/8/03,4.964
18/8/03,4.883
15/8/03,4.848
14/8/03,4.891
13/8/03,5.179
12/8/03,5.217
11/8/03,5.129
8/8/03,5.037
7/8/03,5.082
6/8/03,4.745
5/8/03,4.677
4/8/03,4.63
1/8/03,4.874
31/7/03,4.718
30/7/03,4.668
29/7/03,4.693
28/7/03,4.7
25/7/03,4.706
24/7/03,4.731
23/7/03,4.876
22/7/03,4.868
21/7/03,5.107
18/7/03,5.022
17/7/03,5.05
16/7/03,4.934
15/7/03,5.02
14/7/03,5.102
11/7/03,5.154
10/7/03,5.258
9/7/03,5.52
8/7/03,5.503
7/7/03,5.381
3/7/03,5.226
2/7/03,5.199
1/7/03,5.317
30/6/03,5.411
27/6/03,5.362
26/6/03,5.291
25/6/03,5.757
24/6/03,5.697
23/6/03,5.863
20/6/03,5.805
19/6/03,5.941
18/6/03,5.581
17/6/03,5.712
16/6/03,5.706
13/6/03,5.675
12/6/03,5.606
11/6/03,6.213
10/6/03,6.33
9/6/03,6.314
6/6/03,6.51
5/6/03,6.521
4/6/03,6.375
3/6/03,6.36
2/6/03,6.412
30/5/03,6.251
29/5/03,6.066
28/5/03,5.945
27/5/03,5.9
23/5/03,6.119
22/5/03,6.035
21/5/03,6.198
20/5/03,6.056
19/5/03,6.015
16/5/03,6.122
15/5/03,6.131
14/5/03,6.314
13/5/03,6.308
12/5/03,5.983
9/5/03,5.806
8/5/03,5.772
7/5/03,5.66
6/5/03,5.568
5/5/03,5.689
2/5/03,5.255
1/5/03,5.267
30/4/03,5.385
29/4/03,5.236
28/4/03,5.123
25/4/03,5.477
24/4/03,5.474
23/4/03,5.569
22/4/03,5.645
21/4/03,5.713
17/4/03,5.709
16/4/03,5.677
15/4/03,5.653
14/4/03,5.552
11/4/03,5.411
10/4/03,5.419
9/4/03,5.195
8/4/03,5.108
7/4/03,5.134
4/4/03,4.943
3/4/03,4.919
2/4/03,5.065
1/4/03,5.125
31/3/03,5.06
28/3/03,5.146
27/3/03,5.146
26/3/03,5.097
25/3/03,5.077
24/3/03,5.253
21/3/03,5.128
20/3/03,5.306
19/3/03,5.278
18/3/03,5.339
17/3/03,5.507
14/3/03,5.429
13/3/03,5.361
12/3/03,5.865
11/3/03,5.944
10/3/03,6.515
7/3/03,6.993
6/3/03,6.844
5/3/03,7.021
4/3/03,7.041
3/3/03,7.162
28/2/03,8.101
27/2/03,7.485
26/2/03,9.133
25/2/03,9.577
24/2/03,9.137
21/2/03,6.606
20/2/03,6.162
19/2/03,6.134
18/2/03,5.911
14/2/03,5.851
13/2/03,5.74
12/2/03,5.785
11/2/03,5.977
10/2/03,5.852
7/2/03,6.043
6/2/03,5.828
5/2/03,5.644
4/2/03,5.762
3/2/03,5.766
31/1/03,5.605
30/1/03,5.583
29/1/03,5.66
28/1/03,5.444
27/1/03,5.396
24/1/03,5.524
23/1/03,5.458
22/1/03,5.673
21/1/03,5.433
17/1/03,5.536
16/1/03,5.645
15/1/03,5.43
14/1/03,5.107
13/1/03,5.251
10/1/03,5.143
9/1/03,5.304
8/1/03,5.161
7/1/03,5.127
6/1/03,4.935
3/1/03,5.344
2/1/03,5.251
31/12/02,4.789
30/12/02,4.8
27/12/02,4.988
26/12/02,4.962
24/12/02,5.146
23/12/02,5.116
20/12/02,5.183
19/12/02,5.047
18/12/02,5.278
17/12/02,5.24
16/12/02,5.341
13/12/02,5.284
12/12/02,5.089
11/12/02,4.709
10/12/02,4.636
9/12/02,4.359
6/12/02,4.383
5/12/02,4.406
4/12/02,4.298
3/12/02,4.226
2/12/02,4.32
27/11/02,4.2
26/11/02,4.14
25/11/02,4.261
22/11/02,4.26
21/11/02,4.351
20/11/02,4.254
19/11/02,4.261
18/11/02,4.263
15/11/02,3.981
14/11/02,3.869
13/11/02,3.877
12/11/02,3.872
11/11/02,3.778
8/11/02,3.903
7/11/02,3.831
6/11/02,3.854
5/11/02,3.883
4/11/02,3.863
1/11/02,4.06
31/10/02,4.156
30/10/02,4.389
29/10/02,4.126
28/10/02,4.176
25/10/02,4.028
24/10/02,4.133
23/10/02,4.26
22/10/02,4.11
21/10/02,4.157
18/10/02,4.239
17/10/02,4.299
16/10/02,4.227
15/10/02,4.247
14/10/02,4.303
11/10/02,4.146
10/10/02,3.828
9/10/02,3.918
8/10/02,3.862
7/10/02,3.74
4/10/02,3.739
3/10/02,3.724
2/10/02,4.16
1/10/02,4.067
30/9/02,4.138
27/9/02,4.041
26/9/02,3.686
25/9/02,3.494
24/9/02,3.742
23/9/02,3.978
20/9/02,3.758
19/9/02,3.856
18/9/02,3.787
17/9/02,3.679
16/9/02,3.507
13/9/02,3.467
12/9/02,3.329
11/9/02,3.25
10/9/02,3.356
9/9/02,3.399
6/9/02,3.265
5/9/02,3.342
4/9/02,3.193
3/9/02,3.132
30/8/02,3.296
29/8/02,3.25
28/8/02,3.288
27/8/02,3.483
26/8/02,3.617
23/8/02,3.487
22/8/02,3.515
21/8/02,3.274
20/8/02,3.166
19/8/02,3.267
16/8/02,3.149
15/8/02,3.127
14/8/02,2.91
13/8/02,2.975
12/8/02,2.965
9/8/02,2.761
8/8/02,2.745
7/8/02,2.66
6/8/02,2.716
5/8/02,2.678
2/8/02,2.858
1/8/02,2.842
31/7/02,2.954
30/7/02,2.891
29/7/02,2.976
26/7/02,2.936
25/7/02,2.902
24/7/02,3.042
23/7/02,2.889
22/7/02,2.947
19/7/02,2.933
18/7/02,2.943
17/7/02,2.841
16/7/02,2.863
15/7/02,2.784
12/7/02,2.787
11/7/02,2.83
10/7/02,2.864
9/7/02,2.991
8/7/02,2.939
3/7/02,3.142
2/7/02,3.145
1/7/02,3.192
28/6/02,3.245
27/6/02,3.236
26/6/02,3.278
25/6/02,3.449
24/6/02,3.43
21/6/02,3.237
20/6/02,3.216
19/6/02,3.314
18/6/02,3.312
17/6/02,3.377
14/6/02,3.342
13/6/02,3.211
12/6/02,3.057
11/6/02,3.132
10/6/02,3.135
7/6/02,3.204
6/6/02,3.182
5/6/02,3.26
4/6/02,3.328
3/6/02,3.242
31/5/02,3.217
30/5/02,3.222
29/5/02,3.42
28/5/02,3.28
24/5/02,3.347
23/5/02,3.438
22/5/02,3.459
21/5/02,3.395
20/5/02,3.49
17/5/02,3.598
16/5/02,3.609
15/5/02,3.64
14/5/02,3.855
13/5/02,3.783
10/5/02,3.749
9/5/02,3.719
8/5/02,3.746
7/5/02,3.673
6/5/02,3.595
3/5/02,3.745
2/5/02,3.684
1/5/02,3.735
30/4/02,3.795
29/4/02,3.561
26/4/02,3.319
25/4/02,3.295
24/4/02,3.419
23/4/02,3.591
22/4/02,3.596
19/4/02,3.527
18/4/02,3.485
17/4/02,3.477
16/4/02,3.294
15/4/02,3.43
12/4/02,3.125
11/4/02,3.103
10/4/02,3.184
9/4/02,3.201
8/4/02,3.327
5/4/02,3.275
4/4/02,3.333
3/4/02,3.506
2/4/02,3.654
1/4/02,3.531
28/3/02,3.283
27/3/02,3.29
26/3/02,3.472
25/3/02,3.457
22/3/02,3.326
21/3/02,3.431
20/3/02,3.111
19/3/02,3.256
18/3/02,3.305
15/3/02,3.076
14/3/02,2.924
13/3/02,2.87
12/3/02,3.018
11/3/02,3.021
8/3/02,2.8
7/3/02,2.756
6/3/02,2.566
5/3/02,2.467
4/3/02,2.488
1/3/02,2.359
28/2/02,2.357
27/2/02,2.427
26/2/02,2.388
25/2/02,2.307
22/2/02,2.449
21/2/02,2.425
20/2/02,2.385
19/2/02,2.397
15/2/02,2.206
14/2/02,2.186
13/2/02,2.245
12/2/02,2.305
11/2/02,2.286
8/2/02,2.191
7/2/02,2.15
6/2/02,2.101
5/2/02,2.074
4/2/02,2.117
1/2/02,2.138
31/1/02,2.138
30/1/02,2.08
29/1/02,2.006
28/1/02,1.908
25/1/02,2.037
24/1/02,2.048
23/1/02,2.076
22/1/02,2.106
18/1/02,2.236
17/1/02,2.254
16/1/02,2.394
15/1/02,2.291
14/1/02,2.25
11/1/02,2.204
10/1/02,2.185
9/1/02,2.228
8/1/02,2.281
7/1/02,2.272
4/1/02,2.275
3/1/02,2.268
2/1/02,2.465
31/12/01,2.57
28/12/01,2.774
27/12/01,2.555
26/12/01,2.911
21/12/01,2.895
20/12/01,2.686
19/12/01,2.616
18/12/01,2.657
17/12/01,2.686
14/12/01,2.846
13/12/01,2.756
12/12/01,2.719
11/12/01,2.803
10/12/01,2.747
7/12/01,2.568
6/12/01,2.565
5/12/01,2.491
4/12/01,2.563
3/12/01,2.634
30/11/01,2.701
29/11/01,2.561
28/11/01,2.316
27/11/01,2.606
26/11/01,2.696
21/11/01,2.813
20/11/01,2.852
19/11/01,2.791
16/11/01,2.637
15/11/01,2.551
14/11/01,2.676
13/11/01,2.798
12/11/01,2.733
9/11/01,2.925
8/11/01,2.96
7/11/01,2.87
6/11/01,2.88
5/11/01,2.922
2/11/01,3.248
1/11/01,3.29
31/10/01,3.291
30/10/01,3.183
29/10/01,3.202
26/10/01,3.041
25/10/01,2.938
24/10/01,2.981
23/10/01,2.681
22/10/01,2.807
19/10/01,2.681
18/10/01,2.486
17/10/01,2.418
16/10/01,2.592
15/10/01,2.378
12/10/01,2.43
11/10/01,2.531
10/10/01,2.48
9/10/01,2.388
8/10/01,2.27
5/10/01,2.227
4/10/01,2.414
3/10/01,2.32
2/10/01,2.268
1/10/01,2.208
28/9/01,2.244
27/9/01,2.253
26/9/01,1.83
25/9/01,1.925
24/9/01,1.91
21/9/01,2.103
20/9/01,2.137
19/9/01,2.102
18/9/01,2.225
17/9/01,2.369
14/9/01,2.552
11/9/01,2.418
10/9/01,2.392
7/9/01,2.5
6/9/01,2.44
5/9/01,2.42
4/9/01,2.359
31/8/01,2.38
30/8/01,2.395
29/8/01,2.415
28/8/01,2.415
27/8/01,2.544
24/8/01,2.706
23/8/01,2.811
22/8/01,2.848
21/8/01,3.166
20/8/01,3.187
17/8/01,3.303
16/8/01,3.367
15/8/01,3.468
14/8/01,3.094
13/8/01,2.999
10/8/01,3.04
9/8/01,2.956
8/8/01,3.036
7/8/01,2.971
6/8/01,3.027
3/8/01,2.971
2/8/01,3.192
1/8/01,3.081
31/7/01,3.296
30/7/01,3.353
27/7/01,3.167
26/7/01,3.128
25/7/01,3.276
24/7/01,2.97
23/7/01,2.978
20/7/01,2.955
19/7/01,2.939
18/7/01,3.087
17/7/01,3.165
16/7/01,3.068
13/7/01,3.25
12/7/01,3.428
11/7/01,3.342
10/7/01,3.282
9/7/01,3.153
6/7/01,3.218
5/7/01,3.136
3/7/01,3.201
2/7/01,3.117
29/6/01,3.096
28/6/01,3.28
27/6/01,3.182
26/6/01,3.397
25/6/01,3.446
22/6/01,3.742
21/6/01,3.747
20/6/01,3.734
19/6/01,3.981
18/6/01,3.939
15/6/01,3.979
14/6/01,4.038
13/6/01,4.112
12/6/01,4.301
11/6/01,4.179
8/6/01,3.922
7/6/01,3.79
6/6/01,3.801
5/6/01,3.892
4/6/01,4.069
1/6/01,3.93
31/5/01,3.914
30/5/01,3.981
29/5/01,3.738
25/5/01,3.973
24/5/01,4.054
23/5/01,4.113
22/5/01,4.123
21/5/01,4.113
18/5/01,4.291
17/5/01,4.248
16/5/01,4.298
15/5/01,4.653
14/5/01,4.394
11/5/01,4.278
10/5/01,4.348
9/5/01,4.202
8/5/01,4.279
7/5/01,4.239
4/5/01,4.49
3/5/01,4.527
2/5/01,4.483
1/5/01,4.641
30/4/01,4.695
27/4/01,4.867
26/4/01,4.891
25/4/01,4.981
24/4/01,5.078
23/4/01,5.125
20/4/01,5.128
19/4/01,5.101
18/4/01,5.148
17/4/01,5.248
16/4/01,5.516
12/4/01,5.381
11/4/01,5.385
10/4/01,5.559
9/4/01,5.477
6/4/01,5.388
5/4/01,5.422
4/4/01,5.182
3/4/01,5.115
2/4/01,5.103
30/3/01,5.025
29/3/01,5.274
28/3/01,5.384
27/3/01,5.621
26/3/01,5.322
23/3/01,5.273
22/3/01,5.212
21/3/01,5.041
20/3/01,5.287
19/3/01,5.063
16/3/01,5.035
15/3/01,4.927
14/3/01,4.911
13/3/01,5.006
12/3/01,5.159
9/3/01,5.072
8/3/01,5.285
7/3/01,5.35
6/3/01,5.315
5/3/01,5.336
2/3/01,5.27
1/3/01,5.186
28/2/01,5.236
27/2/01,5.279
26/2/01,4.998
23/2/01,5.131
22/2/01,5.142
21/2/01,5.146
20/2/01,5.278
16/2/01,5.568
15/2/01,5.594
14/2/01,5.518
13/2/01,6.019
12/2/01,5.821
9/2/01,6.21
8/2/01,6.158
7/2/01,6.235
6/2/01,5.764
5/2/01,5.706
2/2/01,6.743
1/2/01,6.38
31/1/01,5.707
30/1/01,6.097
29/1/01,6.293
26/1/01,7.256
25/1/01,7.27
24/1/01,7.115
23/1/01,6.946
22/1/01,7.457
19/1/01,7.459
18/1/01,7.136
17/1/01,6.909
16/1/01,8.103
12/1/01,8.472
11/1/01,8.708
10/1/01,9.128
9/1/01,9.819
8/1/01,9.689
5/1/01,9.261
4/1/01,8.966
3/1/01,8.189
2/1/01,8.364
29/12/00,9.775
28/12/00,9.263
27/12/00,9.978
26/12/00,9.805
22/12/00,9.579
21/12/00,9.83
20/12/00,9.326
19/12/00,9.102
18/12/00,8.527
15/12/00,8.396
14/12/00,7.413
13/12/00,7.537
12/12/00,8.145
11/12/00,9.413
8/12/00,8.584
7/12/00,8.373
6/12/00,8.485
5/12/00,7.384
4/12/00,7.433
1/12/00,6.673
30/11/00,6.589
29/11/00,6.181
28/11/00,6.016
27/11/00,6.368
22/11/00,6.577
21/11/00,6.408
20/11/00,6.249
17/11/00,6.1
16/11/00,5.798
15/11/00,6.265
14/11/00,6.016
13/11/00,5.698
10/11/00,5.456
9/11/00,5.445
8/11/00,5.338
7/11/00,5.081
6/11/00,4.849
3/11/00,4.931
2/11/00,4.76
1/11/00,4.686
31/10/00,4.49
30/10/00,4.485
27/10/00,4.541
26/10/00,4.664
25/10/00,4.659
24/10/00,4.82
23/10/00,5.072
20/10/00,4.937
19/10/00,4.951
18/10/00,5.228
17/10/00,5.439
16/10/00,5.364
13/10/00,5.537
12/10/00,5.63
11/10/00,5.508
10/10/00,5.134
9/10/00,5.15
6/10/00,5.008
5/10/00,5.152
4/10/00,5.29
3/10/00,5.348
2/10/00,5.352
29/9/00,5.186
28/9/00,5.124
27/9/00,5.312
26/9/00,5.324
25/9/00,5.276
22/9/00,5.131
21/9/00,5.287
20/9/00,5.318
19/9/00,5.363
18/9/00,5.295
15/9/00,5.206
14/9/00,5.195
13/9/00,5.055
12/9/00,5.008
11/9/00,5.011
8/9/00,4.88
7/9/00,4.998
6/9/00,5.071
5/9/00,4.95
1/9/00,4.835
31/8/00,4.782
30/8/00,4.801
29/8/00,4.618
28/8/00,4.685
25/8/00,4.628
24/8/00,4.54
23/8/00,4.605
22/8/00,4.52
21/8/00,4.747
18/8/00,4.436
17/8/00,4.406
16/8/00,4.413
15/8/00,4.234
14/8/00,4.318
11/8/00,4.475
10/8/00,4.468
9/8/00,4.419
8/8/00,4.409
7/8/00,4.348
4/8/00,4.296
3/8/00,4.25
2/8/00,4.214
1/8/00,3.987
31/7/00,3.774
28/7/00,3.845
27/7/00,3.82
26/7/00,3.763
25/7/00,3.66
24/7/00,3.715
21/7/00,3.834
20/7/00,3.86
19/7/00,3.884
18/7/00,4.044
17/7/00,4.002
14/7/00,4.15
13/7/00,4.166
12/7/00,4.031
11/7/00,4.257
10/7/00,4.228
7/7/00,4.262
6/7/00,4.066
5/7/00,4.109
30/6/00,4.476
29/6/00,4.423
28/6/00,4.369
27/6/00,4.686
26/6/00,4.56
23/6/00,4.448
22/6/00,4.551
21/6/00,4.378
20/6/00,4.107
19/6/00,4.063
16/6/00,4.488
15/6/00,4.463
14/6/00,4.256
13/6/00,4.158
12/6/00,4.212
9/6/00,4.16
8/6/00,4.133
7/6/00,3.945
6/6/00,4.294
5/6/00,4.398
2/6/00,4.043
1/6/00,4.064
31/5/00,4.356
30/5/00,4.354
26/5/00,4.406
25/5/00,4.236
24/5/00,4.073
23/5/00,3.814
22/5/00,3.747
19/5/00,3.825
18/5/00,3.71
17/5/00,3.689
16/5/00,3.448
15/5/00,3.396
12/5/00,3.354
11/5/00,3.352
10/5/00,3.317
9/5/00,3.183
8/5/00,3.17
5/5/00,3.025
4/5/00,3.107
3/5/00,3.126
2/5/00,3.217
1/5/00,3.216
28/4/00,3.141
27/4/00,3.055
26/4/00,3.089
25/4/00,3.11
24/4/00,3.137
20/4/00,3.073
19/4/00,3.055
18/4/00,3.098
17/4/00,3.158
14/4/00,3.078
13/4/00,3.087
12/4/00,3.021
11/4/00,2.949
10/4/00,2.971
7/4/00,2.971
6/4/00,2.956
5/4/00,2.888
4/4/00,2.822
3/4/00,2.889
31/3/00,2.945
30/3/00,2.873
29/3/00,2.9
28/3/00,2.963
27/3/00,2.914
24/3/00,2.836
23/3/00,2.847
22/3/00,2.794
21/3/00,2.751
20/3/00,2.714
17/3/00,2.785
16/3/00,2.851
15/3/00,2.866
14/3/00,2.809
13/3/00,2.86
10/3/00,2.774
9/3/00,2.786
8/3/00,2.71
7/3/00,2.799
6/3/00,2.85
3/3/00,2.825
2/3/00,2.783
1/3/00,2.815
29/2/00,2.761
28/2/00,2.686
25/2/00,2.603
24/2/00,2.549
23/2/00,2.53
22/2/00,2.515
18/2/00,2.633
17/2/00,2.667
16/2/00,2.564
15/2/00,2.618
14/2/00,2.541
11/2/00,2.57
10/2/00,2.592
9/2/00,2.54
8/2/00,2.495
7/2/00,2.562
4/2/00,2.742
3/2/00,2.659
2/2/00,2.759
1/2/00,2.699
31/1/00,2.662
28/1/00,2.532
27/1/00,2.61
26/1/00,2.523
25/1/00,2.616
24/1/00,2.528
21/1/00,2.485
20/1/00,2.559
19/1/00,2.417
18/1/00,2.383
14/1/00,2.322
13/1/00,2.252
12/1/00,2.244
11/1/00,2.26
10/1/00,2.216
7/1/00,2.173
6/1/00,2.196
5/1/00,2.168
4/1/00,2.176
30/12/99,2.329
29/12/99,2.394
28/12/99,2.344
27/12/99,2.271
23/12/99,2.399
22/12/99,2.444
21/12/99,2.522
20/12/99,2.629
17/12/99,2.655
16/12/99,2.636
15/12/99,2.486
14/12/99,2.585
13/12/99,2.509
10/12/99,2.446
9/12/99,2.285
8/12/99,2.288
7/12/99,2.271
6/12/99,2.224
3/12/99,2.331
2/12/99,2.461
1/12/99,2.393
30/11/99,2.304
29/11/99,2.352
24/11/99,2.12
23/11/99,2.189
22/11/99,2.197
19/11/99,2.434
18/11/99,2.496
17/11/99,2.456
16/11/99,2.451
15/11/99,2.524
12/11/99,2.649
11/11/99,2.522
10/11/99,2.657
9/11/99,2.643
8/11/99,2.665
5/11/99,2.884
4/11/99,2.826
3/11/99,2.873
2/11/99,2.837
1/11/99,2.914
29/10/99,2.961
28/10/99,2.965
27/10/99,3.092
26/10/99,3.011
25/10/99,3.016
22/10/99,3.072
21/10/99,3.064
20/10/99,2.978
19/10/99,3.007
18/10/99,2.92
15/10/99,2.975
14/10/99,2.834
13/10/99,2.97
12/10/99,2.927
11/10/99,2.825
8/10/99,2.692
7/10/99,2.642
6/10/99,2.601
5/10/99,2.586
4/10/99,2.625
1/10/99,2.793
30/9/99,2.744
29/9/99,2.824
28/9/99,2.56
27/9/99,2.632
24/9/99,2.63
23/9/99,2.697
22/9/99,2.426
21/9/99,2.427
20/9/99,2.519
17/9/99,2.608
16/9/99,2.546
15/9/99,2.628
14/9/99,2.636
13/9/99,2.781
10/9/99,2.801
9/9/99,2.851
8/9/99,2.612
7/9/99,2.677
3/9/99,2.561
2/9/99,2.471
1/9/99,2.737
31/8/99,2.825
30/8/99,2.969
27/8/99,2.912
26/8/99,2.948
25/8/99,3.03
24/8/99,3.059
23/8/99,3.064
20/8/99,2.938
19/8/99,2.898
18/8/99,2.792
17/8/99,2.708
16/8/99,2.7
13/8/99,2.745
12/8/99,2.723
11/8/99,2.704
10/8/99,2.748
9/8/99,2.721
6/8/99,2.698
5/8/99,2.647
4/8/99,2.642
3/8/99,2.598
2/8/99,2.575
30/7/99,2.543
29/7/99,2.569
28/7/99,2.601
27/7/99,2.574
26/7/99,2.542
23/7/99,2.528
22/7/99,2.395
21/7/99,2.253
20/7/99,2.198
19/7/99,2.207
16/7/99,2.187
15/7/99,2.179
14/7/99,2.146
13/7/99,2.176
12/7/99,2.144
9/7/99,2.163
8/7/99,2.162
7/7/99,2.141
6/7/99,2.191
2/7/99,2.287
1/7/99,2.309
30/6/99,2.394
29/6/99,2.4
28/6/99,2.262
25/6/99,2.258
24/6/99,2.295
23/6/99,2.264
22/6/99,2.238
21/6/99,2.237
18/6/99,2.308
17/6/99,2.285
16/6/99,2.327
15/6/99,2.367
14/6/99,2.372
11/6/99,2.378
10/6/99,2.355
9/6/99,2.46
8/6/99,2.393
7/6/99,2.442
4/6/99,2.437
3/6/99,2.397
2/6/99,2.407
1/6/99,2.343
28/5/99,2.358
27/5/99,2.282
26/5/99,2.226
25/5/99,2.2
24/5/99,2.176
21/5/99,2.225
20/5/99,2.218
19/5/99,2.254
18/5/99,2.262
17/5/99,2.343
14/5/99,2.288
13/5/99,2.282
12/5/99,2.191
11/5/99,2.236
10/5/99,2.302
7/5/99,2.273
6/5/99,2.295
5/5/99,2.359
4/5/99,2.359
3/5/99,2.311
30/4/99,2.253
29/4/99,2.339
28/4/99,2.348
27/4/99,2.331
26/4/99,2.299
23/4/99,2.226
22/4/99,2.225
21/4/99,2.174
20/4/99,2.144
19/4/99,2.169
16/4/99,2.124
15/4/99,2.137
14/4/99,2.096
13/4/99,2.136
12/4/99,2.128
9/4/99,2.096
8/4/99,2.069
7/4/99,2.024
6/4/99,2.013
5/4/99,2.03
1/4/99,2.038
31/3/99,2.013
30/3/99,1.978
29/3/99,1.852
26/3/99,1.854
25/3/99,1.835
24/3/99,1.759
23/3/99,1.754
22/3/99,1.769
19/3/99,1.699
18/3/99,1.687
17/3/99,1.748
16/3/99,1.717
15/3/99,1.717
12/3/99,1.759
11/3/99,1.82
10/3/99,1.941
9/3/99,1.928
8/3/99,1.859
5/3/99,1.853
4/3/99,1.762
3/3/99,1.723
2/3/99,1.696
1/3/99,1.701
26/2/99,1.628
25/2/99,1.659
24/2/99,1.666
23/2/99,1.71
22/2/99,1.704
19/2/99,1.745
18/2/99,1.746
17/2/99,1.776
16/2/99,1.795
12/2/99,1.807
11/2/99,1.837
10/2/99,1.775
9/2/99,1.838
8/2/99,1.818
5/2/99,1.8
4/2/99,1.829
3/2/99,1.765
2/2/99,1.818
1/2/99,1.744
29/1/99,1.777
28/1/99,1.86
27/1/99,1.81
26/1/99,1.714
25/1/99,1.714
22/1/99,1.778
21/1/99,1.892
20/1/99,1.827
19/1/99,1.817
15/1/99,1.796
14/1/99,1.809
13/1/99,1.77
12/1/99,1.821
11/1/99,1.779
8/1/99,1.83
7/1/99,1.836
6/1/99,1.931
5/1/99,1.975
4/1/99,2.071
31/12/98,1.945
30/12/98,1.886
29/12/98,1.765
28/12/98,1.788
24/12/98,1.881
23/12/98,1.906
22/12/98,1.925
21/12/98,1.947
18/12/98,2.074
17/12/98,2.064
16/12/98,1.99
15/12/98,1.952
14/12/98,1.952
11/12/98,1.858
10/12/98,1.84
9/12/98,1.847
8/12/98,1.913
7/12/98,2.101
4/12/98,1.978
3/12/98,1.959
2/12/98,1.886
1/12/98,1.958
30/11/98,1.976
25/11/98,2.196
24/11/98,2.149
23/11/98,2.097
20/11/98,2.163
19/11/98,2.213
18/11/98,2.204
17/11/98,2.279
16/11/98,2.305
13/11/98,2.459
12/11/98,2.394
11/11/98,2.432
10/11/98,2.478
9/11/98,2.442
6/11/98,2.553
5/11/98,2.553
4/11/98,2.395
3/11/98,2.436
2/11/98,2.387
30/10/98,2.275
29/10/98,2.348
28/10/98,1.972
27/10/98,2.108
26/10/98,2.298
23/10/98,2.164
22/10/98,2.176
21/10/98,2.18
20/10/98,2.202
19/10/98,2.143
16/10/98,2.109
15/10/98,2.095
14/10/98,2.041
13/10/98,2.084
12/10/98,2.089
9/10/98,2.191
8/10/98,2.254
7/10/98,2.393
6/10/98,2.346
5/10/98,2.393
2/10/98,2.432
1/10/98,2.414
30/9/98,2.433
29/9/98,2.347
28/9/98,2.031
25/9/98,2.181
24/9/98,2.179
23/9/98,2.131
22/9/98,2.186
21/9/98,2.187
18/9/98,2.26
17/9/98,2.138
16/9/98,2.241
15/9/98,2.123
14/9/98,1.945
11/9/98,1.878
10/9/98,1.958
9/9/98,1.833
8/9/98,1.874
4/9/98,1.783
3/9/98,1.712
2/9/98,1.652
1/9/98,1.786
31/8/98,1.752
28/8/98,1.664
27/8/98,1.672
26/8/98,1.762
25/8/98,1.828
24/8/98,1.926
21/8/98,1.947
20/8/98,1.953
19/8/98,1.917
18/8/98,1.983
17/8/98,2.041
14/8/98,1.877
13/8/98,1.817
12/8/98,1.819
11/8/98,1.812
10/8/98,1.895
7/8/98,1.833
6/8/98,1.831
5/8/98,1.873
4/8/98,1.895
3/8/98,1.869
31/7/98,1.844
30/7/98,1.906
29/7/98,1.942
28/7/98,1.952
27/7/98,1.965
24/7/98,2.031
23/7/98,1.948
22/7/98,1.934
21/7/98,1.951
20/7/98,2.095
17/7/98,2.165
16/7/98,2.132
15/7/98,2.231
14/7/98,2.266
13/7/98,2.249
10/7/98,2.309
9/7/98,2.349
8/7/98,2.366
7/7/98,2.365
6/7/98,2.365
2/7/98,2.439
1/7/98,2.45
30/6/98,2.469
29/6/98,2.389
26/6/98,2.358
25/6/98,2.364
24/6/98,2.336
23/6/98,2.391
22/6/98,2.362
19/6/98,2.284
18/6/98,2.144
17/6/98,2.174
16/6/98,1.989
15/6/98,2.1
12/6/98,2.035
11/6/98,1.97
10/6/98,1.93
9/6/98,1.938
8/6/98,1.976
5/6/98,2.027
4/6/98,2.02
3/6/98,2.106
2/6/98,2.156
1/6/98,2.191
29/5/98,2.17
28/5/98,2.071
27/5/98,2.017
26/5/98,2.095
22/5/98,2.094
21/5/98,2.067
20/5/98,2.169
19/5/98,2.149
18/5/98,2.134
15/5/98,2.178
14/5/98,2.2
13/5/98,2.204
12/5/98,2.256
11/5/98,2.215
8/5/98,2.167
7/5/98,2.159
6/5/98,2.135
5/5/98,2.215
4/5/98,2.257
1/5/98,2.202
30/4/98,2.221
29/4/98,2.298
28/4/98,2.262
27/4/98,2.266
24/4/98,2.342
23/4/98,2.328
22/4/98,2.398
21/4/98,2.561
20/4/98,2.469
17/4/98,2.475
16/4/98,2.479
15/4/98,2.521
14/4/98,2.501
13/4/98,2.479
9/4/98,2.657
8/4/98,2.689
7/4/98,2.668
6/4/98,2.535
3/4/98,2.556
2/4/98,2.562
1/4/98,2.501
31/3/98,2.522
30/3/98,2.409
27/3/98,2.3
26/3/98,2.338
25/3/98,2.365
24/3/98,2.33
23/3/98,2.351
20/3/98,2.343
19/3/98,2.3
18/3/98,2.239
17/3/98,2.155
16/3/98,2.155
13/3/98,2.137
12/3/98,2.134
11/3/98,2.172
10/3/98,2.137
9/3/98,2.169
6/3/98,2.129
5/3/98,2.141
4/3/98,2.228
3/3/98,2.241
2/3/98,2.292
27/2/98,2.321
26/2/98,2.284
25/2/98,2.286
24/2/98,2.216
23/2/98,2.179
20/2/98,2.198
19/2/98,2.217
18/2/98,2.238
17/2/98,2.166
13/2/98,2.208
12/2/98,2.288
11/2/98,2.238
10/2/98,2.268
9/2/98,2.221
6/2/98,2.359
5/2/98,2.383
4/2/98,2.299
3/2/98,2.307
2/2/98,2.329
30/1/98,2.257
29/1/98,2.101
28/1/98,2.001
27/1/98,2.042
26/1/98,2.064
23/1/98,2.117
22/1/98,2.16
21/1/98,2.084
20/1/98,2.115
16/1/98,2.176
15/1/98,2.094
14/1/98,2.016
13/1/98,2.014
12/1/98,2.002
9/1/98,2.046
8/1/98,2.046
7/1/98,2.145
6/1/98,2.182
5/1/98,2.207
2/1/98,2.153
31/12/97,2.264
30/12/97,2.235
29/12/97,2.309
26/12/97,2.252
24/12/97,2.246
23/12/97,2.216
22/12/97,2.367
19/12/97,2.471
18/12/97,2.412
17/12/97,2.438
16/12/97,2.409
15/12/97,2.307
12/12/97,2.357
11/12/97,2.343
10/12/97,2.354
9/12/97,2.526
8/12/97,2.422
5/12/97,2.453
4/12/97,2.456
3/12/97,2.609
2/12/97,2.718
1/12/97,2.768
26/11/97,2.578
25/11/97,2.577
24/11/97,2.577
21/11/97,2.762
20/11/97,2.708
19/11/97,2.861
18/11/97,2.949
17/11/97,2.97
14/11/97,3.029
13/11/97,3.251
12/11/97,3.477
11/11/97,3.495
10/11/97,3.433
7/11/97,3.256
6/11/97,3.392
5/11/97,3.468
4/11/97,3.423
3/11/97,3.371
31/10/97,3.552
30/10/97,3.478
29/10/97,3.266
28/10/97,3.467
27/10/97,3.785
24/10/97,3.548
23/10/97,3.429
22/10/97,3.537
21/10/97,3.404
20/10/97,3.39
17/10/97,3.288
16/10/97,3.247
15/10/97,3.039
14/10/97,3.006
13/10/97,3.033
10/10/97,3.082
9/10/97,2.926
8/10/97,2.915
7/10/97,2.877
6/10/97,2.979
3/10/97,3.125
2/10/97,3.113
1/10/97,3.124
30/9/97,3.082
29/9/97,3.015
26/9/97,3.346
25/9/97,3.298
24/9/97,3.019
23/9/97,3.048
22/9/97,2.993
19/9/97,2.837
18/9/97,2.887
17/9/97,2.683
16/9/97,2.722
15/9/97,2.786
12/9/97,2.795
11/9/97,2.766
10/9/97,2.702
9/9/97,2.699
8/9/97,2.688
5/9/97,2.697
4/9/97,2.677
3/9/97,2.807
2/9/97,2.793
29/8/97,2.714
28/8/97,2.656
27/8/97,2.515
26/8/97,2.514
25/8/97,2.489
22/8/97,2.453
21/8/97,2.367
20/8/97,2.449
19/8/97,2.528
18/8/97,2.426
15/8/97,2.432
14/8/97,2.428
13/8/97,2.472
12/8/97,2.475
11/8/97,2.586
8/8/97,2.503
7/8/97,2.444
6/8/97,2.351
5/8/97,2.374
4/8/97,2.374
1/8/97,2.239
31/7/97,2.177
30/7/97,2.161
29/7/97,2.161
28/7/97,2.183
25/7/97,2.146
24/7/97,2.175
23/7/97,2.148
22/7/97,2.117
21/7/97,2.085
18/7/97,2.168
17/7/97,2.175
16/7/97,2.174
15/7/97,2.162
14/7/97,2.151
11/7/97,2.094
10/7/97,2.115
9/7/97,2.098
8/7/97,2.116
7/7/97,2.068
3/7/97,2.103
2/7/97,2.067
1/7/97,2.11
30/6/97,2.139
27/6/97,2.139
26/6/97,2.145
25/6/97,2.227
24/6/97,2.286
23/6/97,2.246
20/6/97,2.235
19/6/97,2.221
18/6/97,2.171
17/6/97,2.159
16/6/97,2.147
13/6/97,2.149
12/6/97,2.08
11/6/97,2.071
10/6/97,2.122
9/6/97,2.14
6/6/97,2.188
5/6/97,2.177
4/6/97,2.157
3/6/97,2.103
2/6/97,2.11
30/5/97,2.239
29/5/97,2.25
28/5/97,2.346
27/5/97,2.363
23/5/97,2.285
22/5/97,2.196
21/5/97,2.206
20/5/97,2.191
19/5/97,2.215
16/5/97,2.249
15/5/97,2.195
14/5/97,2.276
13/5/97,2.189
12/5/97,2.224
9/5/97,2.242
8/5/97,2.273
7/5/97,2.353
6/5/97,2.309
5/5/97,2.22
2/5/97,2.267
1/5/97,2.243
30/4/97,2.184
29/4/97,2.142
28/4/97,2.122
24/4/97,2.122
23/4/97,2.06
22/4/97,2.114
21/4/97,2.064
18/4/97,2.081
17/4/97,2.069
16/4/97,2.005
15/4/97,1.937
14/4/97,1.953
11/4/97,1.933
10/4/97,1.9
9/4/97,1.901
8/4/97,1.916
7/4/97,1.946
4/4/97,1.942
3/4/97,1.905
2/4/97,1.867
1/4/97,1.882
31/3/97,1.926
27/3/97,1.928
26/3/97,1.883
25/3/97,1.884
24/3/97,1.807
21/3/97,1.84
20/3/97,1.892
19/3/97,1.896
18/3/97,1.897
17/3/97,1.909
14/3/97,1.96
13/3/97,1.942
12/3/97,1.955
11/3/97,1.919
10/3/97,1.937
7/3/97,1.947
6/3/97,1.886
5/3/97,1.839
4/3/97,1.943
3/3/97,1.803
28/2/97,1.821
27/2/97,1.838
26/2/97,1.78
25/2/97,1.78
24/2/97,1.78
21/2/97,1.936
20/2/97,1.922
19/2/97,2.016
18/2/97,1.964
14/2/97,1.966
13/2/97,1.999
12/2/97,2.09
11/2/97,2.224
10/2/97,2.167
7/2/97,2.182
6/2/97,2.361
5/2/97,2.43
4/2/97,2.497
3/2/97,2.313
31/1/97,2.385
30/1/97,2.486
29/1/97,2.986
28/1/97,2.986
27/1/97,2.986
24/1/97,2.824
23/1/97,2.794
22/1/97,2.908
21/1/97,2.916
20/1/97,3.07
17/1/97,3.257
16/1/97,3.341
15/1/97,3.611
14/1/97,3.393
13/1/97,3.254
10/1/97,3.316
9/1/97,3.481
8/1/97,3.513
7/1/97,3.334
6/1/97,3.636
3/1/97,3.106
2/1/97,2.89
31/12/96,2.757
30/12/96,2.677
27/12/96,2.984
26/12/96,3.998
24/12/96,3.998
23/12/96,4.192
20/12/96,4.573
19/12/96,4.409
18/12/96,4.075
17/12/96,4.17
16/12/96,4.467
13/12/96,3.851
12/12/96,3.529
11/12/96,3.493
10/12/96,3.396
9/12/96,3.222
6/12/96,3.487
5/12/96,3.784
4/12/96,3.505
3/12/96,3.364
2/12/96,3.246
27/11/96,3.497
26/11/96,3.581
25/11/96,3.494
22/11/96,3.437
21/11/96,3.901
20/11/96,3.627
19/11/96,3.306
18/11/96,2.978
15/11/96,2.908
14/11/96,2.787
13/11/96,2.645
12/11/96,2.646
11/11/96,2.733
8/11/96,2.669
7/11/96,2.643
6/11/96,2.684
5/11/96,2.674
4/11/96,2.573
1/11/96,2.662
31/10/96,2.728
30/10/96,2.864
29/10/96,2.795
28/10/96,2.731
25/10/96,2.652
24/10/96,2.485
23/10/96,2.575
22/10/96,2.625
21/10/96,2.482
18/10/96,2.4
17/10/96,2.428
16/10/96,2.437
15/10/96,2.464
14/10/96,2.3
11/10/96,2.347
10/10/96,2.371
9/10/96,2.47
8/10/96,2.438
7/10/96,2.369
4/10/96,2.396
3/10/96,2.346
2/10/96,2.18
1/10/96,2.185
30/9/96,2.214
27/9/96,2.181
26/9/96,1.828
25/9/96,1.828
24/9/96,1.828
23/9/96,1.873
20/9/96,1.965
19/9/96,2.063
18/9/96,1.968
17/9/96,1.934
16/9/96,1.973
13/9/96,1.864
12/9/96,1.813
11/9/96,1.806
10/9/96,1.791
9/9/96,1.898
6/9/96,1.863
5/9/96,1.809
4/9/96,1.764
3/9/96,1.821
30/8/96,1.859
29/8/96,1.907
28/8/96,1.853
27/8/96,1.853
26/8/96,1.853
23/8/96,1.95
22/8/96,1.921
21/8/96,2.03
20/8/96,2.053
19/8/96,2.187
16/8/96,2.14
15/8/96,2.04
14/8/96,2.086
13/8/96,2.056
12/8/96,2.074
9/8/96,2.103
8/8/96,2.068
7/8/96,2.091
6/8/96,2.124
5/8/96,2.215
2/8/96,2.315
1/8/96,2.276
31/7/96,2.163
30/7/96,2.144
29/7/96,2.046
26/7/96,2.192
25/7/96,2.322
24/7/96,2.359
23/7/96,2.39
22/7/96,2.181
19/7/96,2.359
18/7/96,2.43
17/7/96,2.638
16/7/96,2.76
15/7/96,2.765
12/7/96,2.761
11/7/96,2.696
10/7/96,2.777
9/7/96,2.739
8/7/96,2.827
3/7/96,2.841
2/7/96,2.81
1/7/96,2.76
28/6/96,2.911
27/6/96,2.787
26/6/96,2.687
25/6/96,2.667
24/6/96,2.646
21/6/96,2.64
20/6/96,2.617
19/6/96,2.631
18/6/96,2.61
17/6/96,2.536
14/6/96,2.509
13/6/96,2.494
12/6/96,2.434
11/6/96,2.427
10/6/96,2.39
7/6/96,2.395
6/6/96,2.362
5/6/96,2.379
4/6/96,2.364
3/6/96,2.406
31/5/96,2.406
30/5/96,2.396
29/5/96,2.442
28/5/96,2.418
24/5/96,2.361
23/5/96,2.337
22/5/96,2.329
21/5/96,2.295
20/5/96,2.324
17/5/96,2.284
16/5/96,2.302
15/5/96,2.299
14/5/96,2.273
13/5/96,2.286
10/5/96,2.204
9/5/96,2.21
8/5/96,2.186
7/5/96,2.187
6/5/96,2.148
3/5/96,2.131
2/5/96,2.19
1/5/96,2.229
30/4/96,2.224
29/4/96,2.223
26/4/96,2.207
25/4/96,2.258
24/4/96,2.214
23/4/96,2.28
22/4/96,2.359
19/4/96,2.361
18/4/96,2.331
17/4/96,2.339
16/4/96,2.316
15/4/96,2.343
12/4/96,2.411
11/4/96,2.329
10/4/96,2.34
9/4/96,2.369
8/4/96,2.372
4/4/96,2.335
3/4/96,2.304
2/4/96,2.293
1/4/96,2.288
29/3/96,2.336
28/3/96,2.342
27/3/96,2.339
26/3/96,2.267
25/3/96,2.779
22/3/96,2.863
21/3/96,2.74
20/3/96,2.574
19/3/96,2.523
18/3/96,2.511
15/3/96,2.333
14/3/96,2.247
13/3/96,2.24
12/3/96,2.168
11/3/96,2.178
8/3/96,2.095
7/3/96,2.128
6/3/96,2.188
5/3/96,2.174
4/3/96,2.24
1/3/96,2.156
29/2/96,2.236
28/2/96,2.306
27/2/96,2.326
26/2/96,2.338
23/2/96,2.746
22/2/96,2.623
21/2/96,2.447
20/2/96,2.321
16/2/96,2.441
15/2/96,2.576
14/2/96,2.582
13/2/96,2.662
12/2/96,2.456
9/2/96,2.551
8/2/96,2.472
7/2/96,2.513
6/2/96,2.448
5/2/96,2.168
2/2/96,2.467
1/2/96,2.499
31/1/96,2.658
30/1/96,2.504
29/1/96,2.337
26/1/96,2.126
25/1/96,2.34
24/1/96,2.493
23/1/96,2.445
22/1/96,2.125
19/1/96,2.168
18/1/96,2.264
17/1/96,2.336
16/1/96,2.074
15/1/96,2.017
12/1/96,2.317
11/1/96,2.49
10/1/96,2.809
9/1/96,2.928
8/1/96,2.916
5/1/96,2.916
4/1/96,2.964
3/1/96,2.986
2/1/96,2.859
29/12/95,2.619
28/12/95,2.509
27/12/95,2.868
26/12/95,2.468
22/12/95,2.368
21/12/95,3.448
20/12/95,3.071
19/12/95,2.868
18/12/95,2.504
15/12/95,2.364
14/12/95,2.353
13/12/95,2.286
12/12/95,2.235
11/12/95,2.193
8/12/95,2.216
7/12/95,2.208
6/12/95,2.207
5/12/95,2.225
4/12/95,2.12
1/12/95,2.069
30/11/95,2.018
29/11/95,2.031
28/11/95,2.024
27/11/95,2.088
22/11/95,2.113
21/11/95,2.241
20/11/95,2.157
17/11/95,2.024
16/11/95,1.969
15/11/95,1.919
14/11/95,1.906
13/11/95,1.912
10/11/95,1.901
9/11/95,1.856
8/11/95,1.868
7/11/95,1.844
6/11/95,1.824
3/11/95,1.833
2/11/95,1.844
1/11/95,1.849
31/10/95,1.866
30/10/95,1.85
27/10/95,1.839
26/10/95,1.772
25/10/95,1.772
24/10/95,1.772
23/10/95,1.763
20/10/95,1.754
19/10/95,1.723
18/10/95,1.727
17/10/95,1.721
16/10/95,1.709
13/10/95,1.75
12/10/95,1.735
11/10/95,1.761
10/10/95,1.802
9/10/95,1.845
6/10/95,1.802
5/10/95,1.795
4/10/95,1.829
3/10/95,1.809
2/10/95,1.894
29/9/95,1.75
28/9/95,1.75
27/9/95,1.644
26/9/95,1.644
25/9/95,1.644
22/9/95,1.644
21/9/95,1.614
20/9/95,1.596
19/9/95,1.589
18/9/95,1.604
15/9/95,1.658
14/9/95,1.651
13/9/95,1.72
12/9/95,1.653
11/9/95,1.655
8/9/95,1.642
7/9/95,1.626
6/9/95,1.644
5/9/95,1.701
1/9/95,1.74
31/8/95,1.748
30/8/95,1.702
29/8/95,1.575
28/8/95,1.575
24/8/95,1.575
23/8/95,1.568
22/8/95,1.567
21/8/95,1.618
18/8/95,1.577
17/8/95,1.53
16/8/95,1.527
15/8/95,1.559
14/8/95,1.55
11/8/95,1.503
10/8/95,1.504
9/8/95,1.539
8/8/95,1.471
7/8/95,1.478
4/8/95,1.456
3/8/95,1.432
2/8/95,1.422
1/8/95,1.459
31/7/95,1.614
28/7/95,1.523
27/7/95,1.385
26/7/95,1.385
25/7/95,1.385
24/7/95,1.385
21/7/95,1.438
20/7/95,1.463
19/7/95,1.495
18/7/95,1.525
17/7/95,1.494
14/7/95,1.512
13/7/95,1.487
12/7/95,1.536
11/7/95,1.527
10/7/95,1.565
7/7/95,1.5
6/7/95,1.471
5/7/95,1.472
30/6/95,1.53
29/6/95,1.52
28/6/95,1.532
27/6/95,1.532
26/6/95,1.532
23/6/95,1.532
22/6/95,1.565
21/6/95,1.565
20/6/95,1.603
19/6/95,1.62
16/6/95,1.628
15/6/95,1.673
14/6/95,1.698
13/6/95,1.708
12/6/95,1.712
9/6/95,1.704
8/6/95,1.697
7/6/95,1.693
6/6/95,1.686
5/6/95,1.731
2/6/95,1.688
1/6/95,1.735
31/5/95,1.718
30/5/95,1.718
26/5/95,1.769
25/5/95,1.757
24/5/95,1.757
23/5/95,1.757
22/5/95,1.729
19/5/95,1.741
18/5/95,1.743
17/5/95,1.695
16/5/95,1.717
15/5/95,1.73
12/5/95,1.662
11/5/95,1.651
10/5/95,1.678
9/5/95,1.681
8/5/95,1.66
5/5/95,1.651
4/5/95,1.653
3/5/95,1.666
2/5/95,1.666
1/5/95,1.695
28/4/95,1.662
27/4/95,1.652
26/4/95,1.672
25/4/95,1.672
24/4/95,1.672
21/4/95,1.672
20/4/95,1.694
19/4/95,1.717
18/4/95,1.679
17/4/95,1.656
13/4/95,1.619
12/4/95,1.621
11/4/95,1.623
10/4/95,1.597
7/4/95,1.623
6/4/95,1.636
5/4/95,1.654
4/4/95,1.694
3/4/95,1.681
31/3/95,1.685
30/3/95,1.687
29/3/95,1.659
28/3/95,1.635
27/3/95,1.657
24/3/95,1.566
23/3/95,1.566
22/3/95,1.548
21/3/95,1.513
20/3/95,1.523
17/3/95,1.566
16/3/95,1.62
15/3/95,1.506
14/3/95,1.47
13/3/95,1.456
10/3/95,1.463
9/3/95,1.442
8/3/95,1.449
7/3/95,1.432
6/3/95,1.431
3/3/95,1.448
2/3/95,1.481
1/3/95,1.483
28/2/95,1.483
27/2/95,1.43
24/2/95,1.428
23/2/95,1.428
22/2/95,1.428
21/2/95,1.428
17/2/95,1.419
16/2/95,1.399
15/2/95,1.386
14/2/95,1.392
13/2/95,1.39
10/2/95,1.47
9/2/95,1.489
8/2/95,1.438
7/2/95,1.421
6/2/95,1.538
3/2/95,1.482
2/2/95,1.435
1/2/95,1.39
31/1/95,1.354
30/1/95,1.378
27/1/95,1.416
26/1/95,1.416
25/1/95,1.416
24/1/95,1.416
23/1/95,1.389
20/1/95,1.425
19/1/95,1.359
18/1/95,1.335
17/1/95,1.434
16/1/95,1.39
13/1/95,1.323
12/1/95,1.343
11/1/95,1.437
10/1/95,1.439
9/1/95,1.454
6/1/95,1.499
5/1/95,1.552
4/1/95,1.617
3/1/95,1.683
30/12/94,1.725
29/12/94,1.686
28/12/94,1.639
23/12/94,1.639
22/12/94,1.639
21/12/94,1.592
20/12/94,1.573
19/12/94,1.577
16/12/94,1.685
15/12/94,1.718
14/12/94,1.714
13/12/94,1.768
12/12/94,1.913
9/12/94,1.842
8/12/94,1.847
7/12/94,1.784
6/12/94,1.691
5/12/94,1.728
2/12/94,1.635
1/12/94,1.653
30/11/94,1.695
29/11/94,1.77
28/11/94,1.871
23/11/94,1.875
22/11/94,1.874
21/11/94,1.661
18/11/94,1.685
17/11/94,1.618
16/11/94,1.659
15/11/94,1.735
14/11/94,1.703
11/11/94,1.741
10/11/94,1.741
9/11/94,1.775
8/11/94,1.754
7/11/94,1.759
4/11/94,1.856
3/11/94,1.861
2/11/94,1.869
1/11/94,1.936
31/10/94,1.95
28/10/94,1.992
27/10/94,2.008
26/10/94,2.031
25/10/94,1.947
24/10/94,1.683
21/10/94,1.597
20/10/94,1.557
19/10/94,1.585
18/10/94,1.635
17/10/94,1.653
14/10/94,1.632
13/10/94,1.61
12/10/94,1.642
11/10/94,1.664
10/10/94,1.658
7/10/94,1.624
6/10/94,1.647
5/10/94,1.664
4/10/94,1.692
3/10/94,1.683
30/9/94,1.657
29/9/94,1.707
28/9/94,1.406
27/9/94,1.406
26/9/94,1.406
23/9/94,1.406
22/9/94,1.445
21/9/94,1.493
20/9/94,1.556
19/9/94,1.633
16/9/94,1.628
15/9/94,1.631
14/9/94,1.684
13/9/94,1.675
12/9/94,1.688
9/9/94,1.638
8/9/94,1.659
7/9/94,1.631
6/9/94,1.596
2/9/94,1.56
1/9/94,1.596
31/8/94,1.586
30/8/94,1.601
29/8/94,1.484
26/8/94,1.484
25/8/94,1.484
24/8/94,1.484
23/8/94,1.532
22/8/94,1.612
19/8/94,1.674
18/8/94,1.731
17/8/94,1.837
16/8/94,1.79
15/8/94,1.753
12/8/94,1.72
11/8/94,1.686
10/8/94,1.766
9/8/94,1.703
8/8/94,1.671
5/8/94,1.719
4/8/94,1.761
3/8/94,1.742
2/8/94,1.816
1/8/94,1.878
29/7/94,1.893
28/7/94,1.861
27/7/94,1.789
26/7/94,1.789
25/7/94,1.789
22/7/94,1.789
21/7/94,1.84
20/7/94,1.901
19/7/94,1.959
18/7/94,1.945
15/7/94,1.948
14/7/94,1.977
13/7/94,2.0
12/7/94,2.005
11/7/94,2.026
8/7/94,2.023
7/7/94,2.072
6/7/94,2.122
5/7/94,2.131
1/7/94,2.216
30/6/94,2.184
29/6/94,2.18
28/6/94,2.2
27/6/94,2.136
24/6/94,2.134
23/6/94,1.966
22/6/94,2.024
21/6/94,2.078
20/6/94,2.126
17/6/94,2.085
16/6/94,2.134
15/6/94,2.172
14/6/94,2.13
13/6/94,2.121
10/6/94,2.134
9/6/94,2.047
8/6/94,2.087
7/6/94,2.022
6/6/94,1.97
3/6/94,1.965
2/6/94,1.982
1/6/94,1.89
31/5/94,1.917
27/5/94,1.842
26/5/94,1.862
25/5/94,1.836
24/5/94,1.884
23/5/94,1.851
20/5/94,1.904
19/5/94,1.957
18/5/94,1.943
17/5/94,1.949
16/5/94,1.913
13/5/94,1.923
12/5/94,1.947
11/5/94,1.95
10/5/94,1.99
9/5/94,1.986
6/5/94,2.037
5/5/94,2.044
4/5/94,2.034
3/5/94,2.002
2/5/94,2.009
29/4/94,2.067
28/4/94,2.067
26/4/94,2.103
25/4/94,2.152
22/4/94,2.076
21/4/94,2.132
20/4/94,2.139
19/4/94,2.129
18/4/94,2.156
15/4/94,2.187
14/4/94,2.163
13/4/94,2.131
12/4/94,2.089
11/4/94,2.068
8/4/94,2.066
7/4/94,2.085
6/4/94,2.097
5/4/94,2.069
4/4/94,2.144
31/3/94,2.075
30/3/94,2.058
29/3/94,2.062
28/3/94,2.066
25/3/94,2.072
24/3/94,1.981
23/3/94,2.077
22/3/94,2.107
21/3/94,2.055
18/3/94,2.103
17/3/94,2.124
16/3/94,2.163
15/3/94,2.104
14/3/94,2.05
11/3/94,2.096
10/3/94,2.116
9/3/94,2.156
8/3/94,2.196
7/3/94,2.167
4/3/94,2.188
3/3/94,2.146
2/3/94,2.171
1/3/94,2.18
28/2/94,2.208
25/2/94,2.292
24/2/94,2.248
23/2/94,2.232
22/2/94,2.296
18/2/94,2.418
17/2/94,2.385
16/2/94,2.345
15/2/94,2.253
14/2/94,2.252
11/2/94,2.356
10/2/94,2.374
9/2/94,2.358
8/2/94,2.411
7/2/94,2.347
4/2/94,2.369
3/2/94,2.383
2/2/94,2.585
1/2/94,2.639
31/1/94,2.554
28/1/94,2.528
27/1/94,2.417
26/1/94,2.359
25/1/94,2.246
24/1/94,2.47
21/1/94,2.305
20/1/94,2.25
19/1/94,2.252
18/1/94,2.318
17/1/94,2.36
14/1/94,2.268
13/1/94,2.194
12/1/94,2.237
11/1/94,2.219
10/1/94,2.157
7/1/94,2.156
6/1/94,2.094
5/1/94,2.091
4/1/94,1.964
3/1/94,1.929
30/12/93,1.997
29/12/93,2.054
28/12/93,2.075
27/12/93,2.088
23/12/93,1.964
22/12/93,2.022
21/12/93,2.002
20/12/93,2.172
17/12/93,2.105
16/12/93,2.075
15/12/93,2.013
14/12/93,2.016
13/12/93,1.893
10/12/93,1.946
9/12/93,1.916
8/12/93,1.982
7/12/93,2.054
6/12/93,2.033
3/12/93,2.153
2/12/93,2.135
1/12/93,2.198
30/11/93,2.243
29/11/93,2.275
24/11/93,2.355
23/11/93,2.352
22/11/93,2.396
19/11/93,2.385
18/11/93,2.336
17/11/93,2.295
16/11/93,2.25
15/11/93,2.262
12/11/93,2.233
11/11/93,2.297
10/11/93,2.323
9/11/93,2.38
8/11/93,2.389
5/11/93,2.44
4/11/93,2.446
3/11/93,2.441
2/11/93,2.407
1/11/93,2.422
29/10/93,2.368
28/10/93,2.385
27/10/93,2.364
26/10/93,2.305
25/10/93,2.313
22/10/93,2.155
21/10/93,2.126
20/10/93,2.116
19/10/93,2.166
18/10/93,2.131
15/10/93,2.172
14/10/93,2.167
13/10/93,2.205
12/10/93,2.151
11/10/93,2.185
8/10/93,2.141
7/10/93,2.122
6/10/93,2.173
5/10/93,2.178
4/10/93,2.197
1/10/93,2.277
30/9/93,2.291
29/9/93,2.318
28/9/93,2.302
27/9/93,2.264
24/9/93,2.257
23/9/93,2.066
22/9/93,2.158
21/9/93,2.238
20/9/93,2.193
17/9/93,2.165
16/9/93,2.085
15/9/93,2.123
14/9/93,2.157
13/9/93,2.196
10/9/93,2.196
9/9/93,2.264
8/9/93,2.283
7/9/93,2.272
3/9/93,2.391
2/9/93,2.406
1/9/93,2.366
31/8/93,2.375
30/8/93,2.403
27/8/93,2.447
26/8/93,2.428
25/8/93,2.381
24/8/93,2.401
23/8/93,2.418
20/8/93,2.46
19/8/93,2.39
18/8/93,2.41
17/8/93,2.35
16/8/93,2.357
13/8/93,2.295
12/8/93,2.296
11/8/93,2.253
10/8/93,2.218
9/8/93,2.176
6/8/93,2.203
5/8/93,2.225
4/8/93,2.2
3/8/93,2.189
2/8/93,2.216
30/7/93,2.22
29/7/93,2.181
28/7/93,2.14
27/7/93,2.11
26/7/93,2.124
23/7/93,2.121
22/7/93,2.096
21/7/93,2.095
20/7/93,2.033
19/7/93,2.024
16/7/93,2.067
15/7/93,2.031
14/7/93,2.034
13/7/93,2.081
12/7/93,2.085
9/7/93,2.153
8/7/93,2.126
7/7/93,2.158
6/7/93,2.144
2/7/93,2.104
1/7/93,2.121
30/6/93,2.181
29/6/93,2.171
28/6/93,2.197
25/6/93,2.157
24/6/93,2.159
23/6/93,1.918
22/6/93,2.086
21/6/93,2.195
18/6/93,2.255
17/6/93,2.241
16/6/93,2.193
15/6/93,2.152
14/6/93,2.2
11/6/93,2.178
10/6/93,2.141
9/6/93,2.171
8/6/93,2.126
7/6/93,2.036
4/6/93,2.11
3/6/93,2.114
2/6/93,2.108
1/6/93,2.179
28/5/93,2.141
27/5/93,2.104
26/5/93,2.086
25/5/93,2.084
24/5/93,2.009
21/5/93,2.119
20/5/93,2.322
19/5/93,2.315
18/5/93,2.349
17/5/93,2.314
14/5/93,2.262
13/5/93,2.271
12/5/93,2.215
11/5/93,2.157
10/5/93,2.082
7/5/93,2.162
6/5/93,2.174
5/5/93,2.224
4/5/93,2.317
3/5/93,2.289
30/4/93,2.365
29/4/93,2.372
28/4/93,2.354
27/4/93,2.318
26/4/93,2.317
23/4/93,2.758
22/4/93,2.728
21/4/93,2.633
20/4/93,2.442
19/4/93,2.408
16/4/93,2.391
15/4/93,2.357
14/4/93,2.364
13/4/93,2.32
12/4/93,2.344
8/4/93,2.229
7/4/93,2.154
6/4/93,2.153
5/4/93,2.093
2/4/93,2.025
1/4/93,2.037
31/3/93,2.069
30/3/93,2.042
29/3/93,2.224
25/3/93,2.224
24/3/93,2.224
23/3/93,2.117
22/3/93,2.042
19/3/93,2.087
18/3/93,2.031
17/3/93,2.013
16/3/93,1.913
15/3/93,1.965
12/3/93,1.915
11/3/93,1.945
10/3/93,1.926
9/3/93,1.921
8/3/93,1.824
5/3/93,1.787
4/3/93,1.798
3/3/93,1.764
2/3/93,1.827
1/3/93,1.856
26/2/93,1.856
25/2/93,1.894
24/2/93,1.848
23/2/93,1.835
22/2/93,1.849
19/2/93,1.906
18/2/93,1.873
17/2/93,1.797
16/2/93,1.765
12/2/93,1.71
11/2/93,1.745
10/2/93,1.712
9/2/93,1.686
8/2/93,1.741
5/2/93,1.678
4/2/93,1.618
3/2/93,1.583
2/2/93,1.569
1/2/93,1.627
29/1/93,1.597
28/1/93,1.588
27/1/93,1.575
26/1/93,1.589
25/1/93,1.573
22/1/93,1.634
21/1/93,1.677
20/1/93,1.631
19/1/93,1.551
18/1/93,1.603
15/1/93,1.647
14/1/93,1.646
13/1/93,1.612
12/1/93,1.598
11/1/93,1.614
8/1/93,1.559
7/1/93,1.6
6/1/93,1.582
5/1/93,1.584
4/1/93,1.554
31/12/92,1.687
30/12/92,1.695
29/12/92,1.701
28/12/92,1.735
23/12/92,1.866
22/12/92,2.003
21/12/92,2.031
18/12/92,2.092
17/12/92,2.085
16/12/92,2.072
15/12/92,2.097
14/12/92,2.03
11/12/92,2.089
10/12/92,2.114
9/12/92,2.044
8/12/92,1.971
7/12/92,1.957
4/12/92,1.985
3/12/92,1.979
2/12/92,1.933
1/12/92,1.895
30/11/92,2.087
25/11/92,2.025
24/11/92,2.039
23/11/92,2.108
20/11/92,2.155
19/11/92,2.332
18/11/92,2.375
17/11/92,2.409
16/11/92,2.411
13/11/92,2.423
12/11/92,2.443
11/11/92,2.398
10/11/92,2.417
9/11/92,2.354
6/11/92,2.345
5/11/92,2.382
4/11/92,2.402
3/11/92,2.441
2/11/92,2.421
30/10/92,2.295
29/10/92,2.308
28/10/92,2.361
27/10/92,2.295
26/10/92,2.277
23/10/92,2.499
22/10/92,2.404
21/10/92,2.488
20/10/92,2.571
19/10/92,2.567
16/10/92,2.452
15/10/92,2.432
14/10/92,2.326
13/10/92,2.151
12/10/92,2.23
9/10/92,2.293
8/10/92,2.298
7/10/92,2.39
6/10/92,2.44
5/10/92,2.382
2/10/92,2.505
1/10/92,2.518
30/9/92,2.515
29/9/92,2.513
28/9/92,2.435
25/9/92,2.474
24/9/92,2.464
23/9/92,2.743
22/9/92,2.646
21/9/92,2.452
18/9/92,2.328
17/9/92,2.231
16/9/92,2.269
15/9/92,2.244
14/9/92,2.184
11/9/92,2.148
10/9/92,2.128
9/9/92,2.08
8/9/92,2.044
4/9/92,2.147
3/9/92,2.131
2/9/92,2.051
1/9/92,2.081
31/8/92,2.112
28/8/92,2.115
27/8/92,1.987
26/8/92,1.987
25/8/92,1.987
24/8/92,1.987
21/8/92,1.854
20/8/92,1.845
19/8/92,1.838
18/8/92,1.847
17/8/92,1.762
14/8/92,1.832
13/8/92,1.853
12/8/92,1.911
11/8/92,1.922
10/8/92,1.924
7/8/92,1.889
6/8/92,1.877
5/8/92,1.851
4/8/92,1.861
3/8/92,1.857
31/7/92,1.892
30/7/92,1.932
29/7/92,1.88
28/7/92,1.838
27/7/92,1.856
24/7/92,1.939
23/7/92,1.795
22/7/92,1.809
21/7/92,1.77
20/7/92,1.749
17/7/92,1.714
16/7/92,1.703
15/7/92,1.727
14/7/92,1.692
13/7/92,1.722
10/7/92,1.653
9/7/92,1.639
8/7/92,1.63
7/7/92,1.595
6/7/92,1.577
2/7/92,1.579
1/7/92,1.551
30/6/92,1.518
29/6/92,1.508
26/6/92,1.517
25/6/92,1.517
24/6/92,1.517
23/6/92,1.517
22/6/92,1.545
19/6/92,1.556
18/6/92,1.591
17/6/92,1.605
16/6/92,1.603
15/6/92,1.563
12/6/92,1.535
11/6/92,1.592
10/6/92,1.619
9/6/92,1.634
8/6/92,1.625
5/6/92,1.653
4/6/92,1.609
3/6/92,1.586
2/6/92,1.652
1/6/92,1.66
29/5/92,1.625
28/5/92,1.617
27/5/92,1.59
26/5/92,1.63
22/5/92,1.545
21/5/92,1.685
20/5/92,1.788
19/5/92,1.751
18/5/92,1.678
15/5/92,1.657
14/5/92,1.623
13/5/92,1.562
12/5/92,1.543
11/5/92,1.49
8/5/92,1.475
7/5/92,1.484
6/5/92,1.496
5/5/92,1.529
4/5/92,1.458
1/5/92,1.431
30/4/92,1.422
29/4/92,1.45
28/4/92,1.409
27/4/92,1.383
24/4/92,1.386
23/4/92,1.596
22/4/92,1.571
21/4/92,1.468
20/4/92,1.417
16/4/92,1.361
15/4/92,1.34
14/4/92,1.276
13/4/92,1.27
10/4/92,1.294
9/4/92,1.31
8/4/92,1.305
7/4/92,1.285
6/4/92,1.315
3/4/92,1.319
2/4/92,1.352
1/4/92,1.381
31/3/92,1.357
30/3/92,1.332
27/3/92,1.326
26/3/92,1.322
25/3/92,1.379
24/3/92,1.418
23/3/92,1.346
20/3/92,1.268
19/3/92,1.253
18/3/92,1.247
17/3/92,1.245
16/3/92,1.227
13/3/92,1.212
12/3/92,1.197
11/3/92,1.184
10/3/92,1.188
9/3/92,1.18
6/3/92,1.165
5/3/92,1.18
4/3/92,1.191
3/3/92,1.167
2/3/92,1.167
28/2/92,1.171
27/2/92,1.156
26/2/92,1.18
25/2/92,1.18
24/2/92,1.175
21/2/92,1.249
20/2/92,1.145
19/2/92,1.139
18/2/92,1.081
14/2/92,1.079
13/2/92,1.115
12/2/92,1.136
11/2/92,1.13
10/2/92,1.196
7/2/92,1.19
6/2/92,1.183
5/2/92,1.189
4/2/92,1.198
3/2/92,1.176
31/1/92,1.18
30/1/92,1.166
29/1/92,1.18
28/1/92,1.181
27/1/92,1.218
24/1/92,1.046
23/1/92,1.075
22/1/92,1.149
21/1/92,1.228
20/1/92,1.227
17/1/92,1.246
16/1/92,1.35
15/1/92,1.294
14/1/92,1.247
13/1/92,1.234
10/1/92,1.206
9/1/92,1.259
8/1/92,1.29
7/1/92,1.304
6/1/92,1.278
3/1/92,1.299
2/1/92,1.305
31/12/91,1.343
30/12/91,1.38
27/12/91,1.378
26/12/91,1.381
24/12/91,1.4
23/12/91,1.397
20/12/91,1.695
19/12/91,1.708
18/12/91,1.765
17/12/91,1.825
16/12/91,1.834
13/12/91,1.836
12/12/91,1.873
11/12/91,1.851
10/12/91,1.93
9/12/91,1.939
6/12/91,1.979
5/12/91,2.024
4/12/91,2.083
3/12/91,2.102
2/12/91,2.1
29/11/91,2.09
27/11/91,2.105
26/11/91,2.066
25/11/91,2.078
22/11/91,2.086
21/11/91,2.089
20/11/91,1.987
19/11/91,1.91
18/11/91,2.001
15/11/91,2.04
14/11/91,2.0
13/11/91,2.04
12/11/91,2.055
11/11/91,2.07
8/11/91,2.082
7/11/91,2.082
6/11/91,2.063
5/11/91,2.071
4/11/91,2.12
1/11/91,2.083
31/10/91,2.046
30/10/91,2.065
29/10/91,2.092
28/10/91,2.106
25/10/91,2.081
24/10/91,2.069
23/10/91,1.889
22/10/91,1.91
21/10/91,2.013
18/10/91,2.025
17/10/91,2.014
16/10/91,2.001
15/10/91,1.986
14/10/91,1.982
11/10/91,1.955
10/10/91,1.958
9/10/91,1.97
8/10/91,1.943
7/10/91,1.913
4/10/91,1.904
3/10/91,1.891
2/10/91,1.894
1/10/91,1.907
30/9/91,1.935
27/9/91,1.92
26/9/91,1.918
25/9/91,1.899
24/9/91,1.889
23/9/91,1.8
20/9/91,1.742
19/9/91,1.67
18/9/91,1.61
17/9/91,1.598
16/9/91,1.595
13/9/91,1.59
12/9/91,1.596
11/9/91,1.629
10/9/91,1.683
9/9/91,1.629
6/9/91,1.617
5/9/91,1.593
4/9/91,1.568
3/9/91,1.556
30/8/91,1.564
29/8/91,1.571
28/8/91,1.578
27/8/91,1.576
26/8/91,1.593
23/8/91,1.522
22/8/91,1.42
21/8/91,1.312
20/8/91,1.293
19/8/91,1.294
16/8/91,1.278
15/8/91,1.288
14/8/91,1.283
13/8/91,1.287
12/8/91,1.289
9/8/91,1.288
8/8/91,1.293
7/8/91,1.294
6/8/91,1.286
5/8/91,1.275
2/8/91,1.26
1/8/91,1.255
31/7/91,1.26
30/7/91,1.238
29/7/91,1.225
26/7/91,1.238
25/7/91,1.245
24/7/91,1.216
23/7/91,1.195
22/7/91,1.22
19/7/91,1.247
18/7/91,1.25
17/7/91,1.235
16/7/91,1.205
15/7/91,1.169
12/7/91,1.165
11/7/91,1.157
10/7/91,1.16
9/7/91,1.18
8/7/91,1.198
5/7/91,1.183
3/7/91,1.191
2/7/91,1.171
1/7/91,1.19
28/6/91,1.208
27/6/91,1.182
26/6/91,1.142
25/6/91,1.123
24/6/91,1.118
21/6/91,1.195
20/6/91,1.167
19/6/91,1.215
18/6/91,1.245
17/6/91,1.262
14/6/91,1.293
13/6/91,1.293
12/6/91,1.271
11/6/91,1.28
10/6/91,1.287
7/6/91,1.283
6/6/91,1.297
5/6/91,1.315
4/6/91,1.329
3/6/91,1.333
31/5/91,1.333
30/5/91,1.338
29/5/91,1.344
28/5/91,1.331
24/5/91,1.335
23/5/91,1.33
22/5/91,1.336
21/5/91,1.33
20/5/91,1.332
17/5/91,1.343
16/5/91,1.345
15/5/91,1.35
14/5/91,1.349
13/5/91,1.349
10/5/91,1.35
9/5/91,1.352
8/5/91,1.347
7/5/91,1.353
6/5/91,1.357
3/5/91,1.356
2/5/91,1.366
1/5/91,1.376
30/4/91,1.375
29/4/91,1.374
26/4/91,1.367
25/4/91,1.379
24/4/91,1.38
23/4/91,1.39
22/4/91,1.35
19/4/91,1.355
18/4/91,1.375
17/4/91,1.378
16/4/91,1.376
15/4/91,1.382
12/4/91,1.376
11/4/91,1.375
10/4/91,1.376
9/4/91,1.391
8/4/91,1.395
5/4/91,1.4
4/4/91,1.403
3/4/91,1.417
2/4/91,1.42
1/4/91,1.415
28/3/91,1.405
27/3/91,1.395
26/3/91,1.395
25/3/91,1.39
22/3/91,1.385
21/3/91,1.397
20/3/91,1.376
19/3/91,1.391
18/3/91,1.386
15/3/91,1.385
14/3/91,1.381
13/3/91,1.395
12/3/91,1.375
11/3/91,1.362
8/3/91,1.359
7/3/91,1.363
6/3/91,1.356
5/3/91,1.355
4/3/91,1.355
1/3/91,1.361
28/2/91,1.373
27/2/91,1.356
26/2/91,1.355
25/2/91,1.351
22/2/91,1.345
21/2/91,1.334
20/2/91,1.355
19/2/91,1.395
15/2/91,1.385
14/2/91,1.367
13/2/91,1.35
12/2/91,1.348
11/2/91,1.353
8/2/91,1.365
7/2/91,1.38
6/2/91,1.371
5/2/91,1.37
4/2/91,1.368
1/2/91,1.38
31/1/91,1.38
30/1/91,1.38
29/1/91,1.385
28/1/91,1.381
25/1/91,1.399
24/1/91,1.382
23/1/91,1.385
22/1/91,1.538
21/1/91,1.57
18/1/91,1.567
17/1/91,1.621
16/1/91,1.719
15/1/91,1.72
14/1/91,1.728
11/1/91,1.695
10/1/91,1.698
9/1/91,1.728
8/1/91,1.786
7/1/91,1.785
4/1/91,1.743
3/1/91,1.782
2/1/91,1.832
31/12/90,1.95
28/12/90,1.95
27/12/90,1.96
26/12/90,1.999
24/12/90,1.962
21/12/90,1.962
20/12/90,1.92
19/12/90,2.046
18/12/90,2.046
17/12/90,2.175
14/12/90,2.262
13/12/90,2.22
12/12/90,2.204
11/12/90,2.285
10/12/90,2.355
7/12/90,2.35
6/12/90,2.351
5/12/90,2.402
4/12/90,2.44
3/12/90,2.475
30/11/90,2.445
29/11/90,2.49
28/11/90,2.505
27/11/90,2.54
26/11/90,2.618
23/11/90,2.605
21/11/90,2.61
20/11/90,2.38
19/11/90,2.35
16/11/90,2.335
15/11/90,2.4
14/11/90,2.428
13/11/90,2.411
12/11/90,2.41
9/11/90,2.429
8/11/90,2.435
7/11/90,2.45
6/11/90,2.383
5/11/90,2.385
2/11/90,2.358
1/11/90,2.35
31/10/90,2.36
30/10/90,2.408
29/10/90,2.434
26/10/90,2.448
25/10/90,2.446
24/10/90,2.44
23/10/90,2.52
22/10/90,1.97
19/10/90,1.9
18/10/90,1.89
17/10/90,1.9
16/10/90,1.91
15/10/90,1.9
12/10/90,1.95
11/10/90,1.96
10/10/90,1.94
9/10/90,1.94
8/10/90,1.93
5/10/90,1.935
4/10/90,1.898
3/10/90,1.915
2/10/90,1.88
1/10/90,1.909
28/9/90,1.935
27/9/90,1.94
26/9/90,1.945
25/9/90,1.93
24/9/90,1.936
21/9/90,1.872
20/9/90,1.846
19/9/90,1.555
18/9/90,1.56
17/9/90,1.537
14/9/90,1.52
13/9/90,1.54
12/9/90,1.543
11/9/90,1.525
10/9/90,1.525
7/9/90,1.51
6/9/90,1.53
5/9/90,1.514
4/9/90,1.51
31/8/90,1.5
30/8/90,1.537
29/8/90,1.505
28/8/90,1.5
27/8/90,1.502
24/8/90,1.525
23/8/90,1.545
22/8/90,1.428
21/8/90,1.42
20/8/90,1.417
17/8/90,1.44
16/8/90,1.43
15/8/90,1.428
14/8/90,1.448
13/8/90,1.465
10/8/90,1.49
9/8/90,1.47
8/8/90,1.475
7/8/90,1.477
6/8/90,1.588
3/8/90,1.51
2/8/90,1.432
1/8/90,1.402
31/7/90,1.411
30/7/90,1.43
27/7/90,1.439
26/7/90,1.435
25/7/90,1.44
24/7/90,1.44
23/7/90,1.46
20/7/90,1.426
19/7/90,1.445
18/7/90,1.45
17/7/90,1.462
16/7/90,1.495
13/7/90,1.5
12/7/90,1.502
11/7/90,1.5
10/7/90,1.5
9/7/90,1.493
6/7/90,1.498
5/7/90,1.514
3/7/90,1.525
2/7/90,1.519
29/6/90,1.519
28/6/90,1.515
27/6/90,1.5
26/6/90,1.507
25/6/90,1.516
22/6/90,1.522
21/6/90,1.528
20/6/90,1.51
19/6/90,1.536
18/6/90,1.54
15/6/90,1.547
14/6/90,1.547
13/6/90,1.545
12/6/90,1.558
11/6/90,1.572
8/6/90,1.575
7/6/90,1.573
6/6/90,1.56
5/6/90,1.567
4/6/90,1.582
1/6/90,1.585
31/5/90,1.59
30/5/90,1.585
29/5/90,1.585
25/5/90,1.592
24/5/90,1.6
23/5/90,1.602
22/5/90,1.613
21/5/90,1.557
18/5/90,1.554
17/5/90,1.57
16/5/90,1.57
15/5/90,1.553
14/5/90,1.556
11/5/90,1.565
10/5/90,1.574
9/5/90,1.576
8/5/90,1.583
7/5/90,1.58
4/5/90,1.575
3/5/90,1.575
2/5/90,1.575
1/5/90,1.565
30/4/90,1.565
27/4/90,1.555
26/4/90,1.558
25/4/90,1.552
24/4/90,1.555
23/4/90,1.555
20/4/90,1.543
19/4/90,1.57
18/4/90,1.583
17/4/90,1.585
16/4/90,1.598
12/4/90,1.598
11/4/90,1.605
10/4/90,1.62
9/4/90,1.637
6/4/90,1.625
5/4/90,1.615
4/4/90,1.62
3/4/90,1.635